72 1 9
199 1 9
353 1 9
366 1 9
146 1 8
71 1 8
215 1 8
270 1 8
349 1 8
100 1 8
122 1 8
471 1 8
340 1 7
236 1 7
70 1 7
280 1 7
432 1 7
444 1 7
328 1 7
293 1 6
405 1 5
109 1 5
0 2 9
371 2 9
178 1 4
101 2 8
2 1 4
115 2 8
93 1 4
51 2 8
408 2 8
411 2 8
147 1 4
302 1 4
453 1 4
155 2 8
36 2 7
9 2 7
166 2 7
330 2 7
74 3 9
118 2 6
211 1 3
347 3 9
213 1 3
69 3 9
360 3 9
223 3 9
127 3 9
389 3 9
263 2 6
42 1 3
17 1 3
424 3 9
281 2 6
439 1 3
55 1 3
296 3 9
455 2 6
113 3 9
361 3 8
297 3 8
429 3 8
102 3 8
386 3 8
76 3 8
181 3 8
336 3 8
409 3 8
495 3 8
103 2 5
222 2 5
416 2 5
481 2 5
28 2 5
238 3 7
445 3 7
283 3 7
195 3 7
460 3 7
332 3 7
227 3 7
490 3 7
87 3 7
126 4 9
196 4 9
130 4 9
472 4 9
309 4 9
241 4 9
494 4 9
192 4 9
201 2 4
377 2 4
288 3 6
133 4 8
41 1 2
105 4 8
61 1 2
160 3 6
412 2 4
320 4 8
322 2 4
226 3 6
329 3 6
433 1 2
67 4 8
443 4 8
31 1 2
94 2 4
191 2 4
97 1 2
265 3 6
463 1 2
47 3 6
354 3 6
476 3 6
275 2 4
50 3 6
491 4 8
6 2 4
369 2 4
499 3 6
129 5 9
237 5 9
305 5 9
406 4 7
365 4 7
186 4 7
49 4 7
399 4 7
414 4 7
323 4 7
396 3 5
139 3 5
469 3 5
311 3 5
298 3 5
395 3 5
123 5 8
388 5 8
45 5 8
308 5 8
120 5 8
59 5 8
441 4 6
19 2 3
140 2 3
315 4 6
448 6 9
319 6 9
95 2 3
458 4 6
206 6 9
184 6 9
467 6 9
367 2 3
239 6 9
10 6 9
475 4 6
422 4 6
243 4 6
426 2 3
154 6 9
493 2 3
29 2 3
138 6 9
273 6 9
402 5 7
440 5 7
392 5 7
158 5 7
474 5 7
324 5 7
327 5 7
228 3 4
231 3 4
135 6 8
142 3 4
156 3 4
62 6 8
357 3 4
358 3 4
214 3 4
159 3 4
478 3 4
363 3 4
486 6 8
106 6 8
301 3 4
163 6 8
449 6 8
153 3 4
172 6 8
78 7 9
121 7 9
197 7 9
398 4 5
85 4 5
235 4 5
368 4 5
417 4 5
141 4 5
338 4 5
230 4 5
150 5 6
312 5 6
342 5 6
14 6 7
44 6 7
117 6 7
430 6 7
498 6 7
57 6 7
480 7 8
40 7 8
218 7 8
260 7 8
91 7 8
60 7 8
212 7 8
157 7 8
404 7 8
63 7 8
131 8 9
331 8 9
179 8 9
355 8 9
401 8 9
203 8 9
7 4 4
15 5 5
274 7 7
333 9 9
334 3 3
335 7 7
175 1 1
277 9 9
73 1 1
216 3 3
144 4 4
850
1579