55 1 9
100 1 9
328 1 9
471 1 9
552 1 9
698 1 9
754 1 9
1238 1 9
1424 1 9
1435 1 9
1509 1 9
1513 1 9
1529 1 9
1687 1 9
1751 1 9
1984 1 9
2226 1 9
2341 1 9
2414 1 9
2432 1 9
2520 1 9
2540 1 9
2575 1 9
2663 1 9
2720 1 9
2754 1 9
2849 1 9
2857 1 9
2887 1 9
2974 1 9
3164 1 9
3183 1 9
3408 1 9
3420 1 9
3535 1 9
3544 1 9
3578 1 9
3640 1 9
3715 1 9
3769 1 9
3824 1 9
3927 1 9
4042 1 9
4068 1 9
4193 1 9
4349 1 9
4365 1 9
4440 1 9
4454 1 9
4506 1 9
4510 1 9
4726 1 9
4747 1 9
4748 1 9
4882 1 9
4900 1 9
5008 1 9
5096 1 9
5224 1 9
5471 1 9
5491 1 9
5512 1 9
5531 1 9
5544 1 9
5701 1 9
5711 1 9
5933 1 9
5943 1 9
6108 1 9
6122 1 9
6180 1 9
6230 1 9
6269 1 9
6708 1 9
6726 1 9
6790 1 9
6827 1 9
6892 1 9
6980 1 9
6990 1 9
7099 1 9
7126 1 9
7131 1 9
7151 1 9
7232 1 9
7341 1 9
7383 1 9
7415 1 9
7763 1 9
7856 1 9
8136 1 9
8145 1 9
8235 1 9
8285 1 9
8289 1 9
8331 1 9
8408 1 9
8552 1 9
8592 1 9
8598 1 9
8785 1 9
9253 1 9
9283 1 9
9622 1 9
9725 1 9
9826 1 9
9854 1 9
9855 1 9
4236 1 8
826 1 8
2046 1 8
4406 1 8
2097 1 8
2175 1 8
923 1 8
1041 1 8
4538 1 8
4684 1 8
1169 1 8
280 1 8
1245 1 8
4756 1 8
4804 1 8
1307 1 8
1395 1 8
4967 1 8
4981 1 8
2613 1 8
504 1 8
5151 1 8
5196 1 8
5198 1 8
2710 1 8
5382 1 8
293 1 8
2742 1 8
1458 1 8
2805 1 8
2812 1 8
2836 1 8
1478 1 8
5804 1 8
5840 1 8
5851 1 8
586 1 8
2860 1 8
5962 1 8
6064 1 8
643 1 8
6112 1 8
2919 1 8
6137 1 8
6158 1 8
6160 1 8
1525 1 8
2978 1 8
6240 1 8
2987 1 8
6342 1 8
6353 1 8
6433 1 8
6516 1 8
6536 1 8
6600 1 8
6673 1 8
3083 1 8
6709 1 8
652 1 8
6742 1 8
6774 1 8
1537 1 8
3199 1 8
3203 1 8
6921 1 8
6965 1 8
3318 1 8
3371 1 8
3379 1 8
1647 1 8
1667 1 8
7144 1 8
3475 1 8
7181 1 8
3505 1 8
7253 1 8
3519 1 8
7364 1 8
1671 1 8
73 1 8
7494 1 8
7517 1 8
7527 1 8
7567 1 8
7620 1 8
7637 1 8
7670 1 8
1711 1 8
7778 1 8
7805 1 8
7806 1 8
7810 1 8
7831 1 8
3636 1 8
7931 1 8
7973 1 8
8091 1 8
1734 1 8
3714 1 8
8198 1 8
8204 1 8
432 1 8
1769 1 8
3786 1 8
3823 1 8
1813 1 8
8455 1 8
3835 1 8
3841 1 8
3860 1 8
8602 1 8
8611 1 8
8678 1 8
1829 1 8
8801 1 8
8859 1 8
9001 1 8
9017 1 8
9088 1 8
9109 1 8
9126 1 8
9141 1 8
9148 1 8
9242 1 8
1870 1 8
1876 1 8
9317 1 8
9447 1 8
9535 1 8
4127 1 8
9687 1 8
9721 1 8
4132 1 8
4161 1 8
9844 1 8
4184 1 8
1911 1 8
9883 1 8
9914 1 8
3015 1 7
6866 1 7
6872 1 7
501 1 7
4471 1 7
3103 1 7
2031 1 7
2039 1 7
7011 1 7
7060 1 7
709 1 7
7112 1 7
717 1 7
2163 1 7
3349 1 7
4749 1 7
748 1 7
7215 1 7
2182 1 7
4851 1 7
4881 1 7
7349 1 7
2221 1 7
1498 1 7
2260 1 7
3497 1 7
4997 1 7
7523 1 7
71 1 7
2356 1 7
7588 1 7
5100 1 7
766 1 7
784 1 7
2494 1 7
807 1 7
5227 1 7
5291 1 7
1534 1 7
5433 1 7
3646 1 7
7898 1 7
7920 1 7
3706 1 7
41 1 7
8002 1 7
8006 1 7
8062 1 7
8063 1 7
1562 1 7
3736 1 7
843 1 7
8190 1 7
2703 1 7
5728 1 7
8230 1 7
3790 1 7
5827 1 7
3820 1 7
1655 1 7
907 1 7
8447 1 7
565 1 7
1676 1 7
8585 1 7
950 1 7
6067 1 7
3873 1 7
3903 1 7
8618 1 7
8648 1 7
580 1 7
8700 1 7
8734 1 7
8759 1 7
3956 1 7
1168 1 7
70 1 7
8869 1 7
8935 1 7
8940 1 7
8942 1 7
8974 1 7
8984 1 7
4078 1 7
4112 1 7
9027 1 7
624 1 7
178 1 7
9125 1 7
6311 1 7
6318 1 7
4158 1 7
9241 1 7
1275 1 7
9246 1 7
6369 1 7
6399 1 7
2901 1 7
9350 1 7
9391 1 7
9392 1 7
6453 1 7
9464 1 7
9498 1 7
236 1 7
9587 1 7
2959 1 7
9627 1 7
4287 1 7
9693 1 7
4319 1 7
4342 1 7
9744 1 7
4344 1 7
6714 1 7
680 1 7
1396 1 7
9861 1 7
9869 1 7
4375 1 7
1931 1 7
4186 1 6
2253 1 6
3487 1 6
5740 1 6
5776 1 6
5782 1 6
3492 1 6
7711 1 6
7730 1 6
2825 1 6
7768 1 6
548 1 6
1869 1 6
5877 1 6
5919 1 6
2854 1 6
947 1 6
7875 1 6
3577 1 6
5964 1 6
4395 1 6
2367 1 6
6081 1 6
6096 1 6
4431 1 6
3597 1 6
2876 1 6
8118 1 6
2412 1 6
6143 1 6
1563 1 6
3691 1 6
756 1 6
8206 1 6
6208 1 6
4565 1 6
4654 1 6
6259 1 6
4677 1 6
8342 1 6
2433 1 6
2468 1 6
4738 1 6
8489 1 6
6348 1 6
1920 1 6
3742 1 6
2983 1 6
3772 1 6
4769 1 6
1427 1 6
8624 1 6
4822 1 6
6576 1 6
6593 1 6
8718 1 6
1034 1 6
6626 1 6
8764 1 6
6630 1 6
3018 1 6
8807 1 6
8828 1 6
8837 1 6
2563 1 6
2567 1 6
8904 1 6
4954 1 6
3154 1 6
439 1 6
2587 1 6
3864 1 6
8989 1 6
6804 1 6
9006 1 6
5013 1 6
31 1 6
349 1 6
6885 1 6
3905 1 6
3221 1 6
3235 1 6
1701 1 6
3329 1 6
6996 1 6
5257 1 6
7018 1 6
7027 1 6
583 1 6
5312 1 6
9387 1 6
5318 1 6
5339 1 6
9401 1 6
9445 1 6
5348 1 6
5352 1 6
9475 1 6
4110 1 6
9513 1 6
5415 1 6
9563 1 6
302 1 6
874 1 6
3385 1 6
9629 1 6
9652 1 6
9661 1 6
7305 1 6
7340 1 6
5501 1 6
532 1 6
3409 1 6
1353 1 6
5648 1 6
7417 1 6
7427 1 6
7457 1 6
5658 1 6
7507 1 6
5682 1 6
9940 1 6
9953 1 6
9984 1 6
4615 1 5
4624 1 5
4652 1 5
453 1 5
2168 1 5
2171 1 5
1613 1 5
7890 1 5
128 1 5
7902 1 5
779 1 5
6146 1 5
628 1 5
7986 1 5
2252 1 5
147 1 5
8011 1 5
6183 1 5
6188 1 5
8071 1 5
175 1 5
8097 1 5
2940 1 5
2277 1 5
2968 1 5
6260 1 5
1383 1 5
6274 1 5
1700 1 5
97 1 5
4950 1 5
3831 1 5
340 1 5
6357 1 5
3836 1 5
1417 1 5
704 1 5
3031 1 5
8471 1 5
6490 1 5
8523 1 5
5032 1 5
6524 1 5
5092 1 5
6540 1 5
1768 1 5
3884 1 5
5115 1 5
6619 1 5
211 1 5
2473 1 5
6631 1 5
8701 1 5
3926 1 5
6687 1 5
8755 1 5
5222 1 5
2474 1 5
8777 1 5
925 1 5
8797 1 5
8800 1 5
5240 1 5
4013 1 5
6772 1 5
5266 1 5
6789 1 5
5273 1 5
4036 1 5
8907 1 5
8926 1 5
2502 1 5
6855 1 5
2503 1 5
1442 1 5
3232 1 5
6887 1 5
942 1 5
353 1 5
6924 1 5
5387 1 5
719 1 5
4151 1 5
987 1 5
5476 1 5
1023 1 5
5500 1 5
9156 1 5
2596 1 5
7068 1 5
1926 1 5
3400 1 5
9276 1 5
5536 1 5
5537 1 5
9338 1 5
740 1 5
5597 1 5
2683 1 5
1526 1 5
213 1 5
1132 1 5
3489 1 5
2726 1 5
2727 1 5
5742 1 5
5771 1 5
1164 1 5
3511 1 5
5787 1 5
5798 1 5
93 1 5
5812 1 5
9630 1 5
2794 1 5
4441 1 5
9666 1 5
2108 1 5
3576 1 5
7534 1 5
5889 1 5
7575 1 5
9749 1 5
9781 1 5
9816 1 5
2807 1 5
7592 1 5
2119 1 5
7633 1 5
2813 1 5
7638 1 5
5944 1 5
3600 1 5
4573 1 5
5976 1 5
9965 1 5
9973 1 5
6015 1 5
9990 1 5
8261 2 9
3376 2 9
3877 2 9
2395 2 9
2409 2 9
8394 2 9
1065 2 9
1958 2 9
4836 2 9
5837 2 9
8483 2 9
742 2 9
6931 2 9
8529 2 9
1150 2 9
883 2 9
5883 2 9
4021 2 9
5897 2 9
4929 2 9
447 2 9
2074 2 9
7062 2 9
8657 2 9
115 2 9
7086 2 9
5954 2 9
1179 2 9
4992 2 9
8739 2 9
3504 2 9
5987 2 9
455 2 9
7157 2 9
7163 2 9
8794 2 9
6029 2 9
6037 2 9
2134 2 9
3513 2 9
7259 2 9
6076 2 9
5051 2 9
222 2 9
2555 2 9
378 2 9
2969 2 9
5127 2 9
8938 2 9
5129 2 9
5143 2 9
8950 2 9
7439 2 9
1281 2 9
7482 2 9
5159 2 9
191 2 9
4218 2 9
2581 2 9
9084 2 9
7526 2 9
4257 2 9
7533 2 9
4271 2 9
7541 2 9
9144 2 9
7543 2 9
3599 2 9
785 2 9
1355 2 9
4343 2 9
6273 2 9
9272 2 9
2598 2 9
5306 2 9
9303 2 9
9306 2 9
1818 2 9
7652 2 9
3037 2 9
7678 2 9
9389 2 9
7704 2 9
2657 2 9
2230 2 9
7731 2 9
3119 2 9
4408 2 9
9469 2 9
9472 2 9
3726 2 9
3130 2 9
6451 2 9
596 2 9
5467 2 9
5468 2 9
1556 2 9
6532 2 9
7897 2 9
3180 2 9
5482 2 9
6571 2 9
7930 2 9
9680 2 9
0 2 9
5497 2 9
2712 2 9
7987 2 9
4525 2 9
543 2 9
2311 2 9
1580 2 9
2352 2 9
9842 2 9
1581 2 9
9848 2 9
6703 2 9
2783 2 9
9858 2 9
3341 2 9
3845 2 9
3852 2 9
8151 2 9
9928 2 9
9935 2 9
4686 2 9
4712 2 9
4724 2 9
2358 2 9
1404 2 9
3871 2 9
7571 1 4
1506 1 4
7578 1 4
4632 2 8
539 2 8
7610 1 4
7615 1 4
1853 2 8
5899 1 4
1857 1 4
3734 2 8
761 1 4
4693 1 4
1181 1 4
4713 1 4
3768 2 8
7720 2 8
5965 2 8
5966 2 8
7761 1 4
1193 2 8
937 2 8
4740 1 4
6016 1 4
6022 2 8
3775 1 4
7829 2 8
1532 2 8
7840 2 8
6042 1 4
7874 1 4
2448 2 8
1921 2 8
4768 1 4
2470 2 8
4771 2 8
4774 2 8
4781 1 4
2979 1 4
7942 2 8
6129 2 8
6132 1 4
4817 2 8
4820 2 8
94 2 8
4834 1 4
8013 2 8
776 2 8
6165 1 4
2482 2 8
2485 2 8
1945 2 8
8112 1 4
6191 1 4
4894 1 4
8142 2 8
4895 1 4
6231 2 8
1955 1 4
6257 2 8
3855 2 8
4931 1 4
4943 2 8
4944 1 4
3066 2 8
1546 2 8
599 1 4
8321 1 4
6335 2 8
4968 1 4
8348 2 8
8353 1 4
2522 2 8
4987 2 8
8441 2 8
2524 1 4
1986 1 4
6380 2 8
1998 2 8
2562 1 4
8512 1 4
3909 2 8
5037 1 4
8542 1 4
1561 2 8
8569 2 8
6501 2 8
5074 1 4
2032 1 4
3928 1 4
3943 1 4
1299 2 8
6564 2 8
951 1 4
199 1 4
8661 2 8
5141 1 4
8696 2 8
4023 2 8
5144 2 8
988 2 8
3248 2 8
4066 2 8
8745 2 8
72 1 4
5199 2 8
5218 1 4
2609 1 4
1387 1 4
2620 2 8
2648 2 8
2651 1 4
5258 2 8
5261 1 4
5262 1 4
8831 2 8
4141 1 4
8853 1 4
5271 1 4
6815 1 4
8878 1 4
8888 2 8
6820 2 8
2133 2 8
8921 2 8
5275 2 8
637 1 4
2670 2 8
4175 1 4
1661 2 8
2 1 4
8958 2 8
8972 1 4
6894 1 4
6898 1 4
6907 2 8
4189 1 4
1401 2 8
9011 1 4
9013 2 8
4206 1 4
9020 1 4
9021 1 4
9026 2 8
5383 1 4
9071 1 4
6979 2 8
1674 2 8
6981 1 4
9110 2 8
5404 1 4
5410 2 8
7005 2 8
4222 2 8
9147 2 8
7017 1 4
2716 1 4
9240 1 4
7019 2 8
744 2 8
7037 1 4
4270 1 4
2724 1 4
7063 2 8
7065 1 4
7067 2 8
2188 1 4
4312 2 8
9324 2 8
1104 2 8
7103 1 4
9379 2 8
9380 2 8
7104 2 8
4335 2 8
1115 2 8
848 1 4
9399 2 8
2773 2 8
9402 2 8
9432 2 8
2248 1 4
7156 2 8
2784 2 8
9465 1 4
7161 1 4
9470 2 8
2249 2 8
7166 1 4
3570 1 4
5579 2 8
9521 2 8
4401 1 4
1144 1 4
215 1 4
9593 2 8
9606 1 4
7260 2 8
7271 1 4
7277 1 4
5679 2 8
7313 2 8
7334 1 4
4412 1 4
1154 2 8
9684 2 8
7348 2 8
3579 2 8
9716 1 4
5721 2 8
9724 1 4
2263 2 8
7385 1 4
1762 2 8
9751 2 8
2826 1 4
9782 1 4
4480 1 4
3619 2 8
32 1 4
7475 2 8
4516 2 8
7493 2 8
2848 2 8
9856 1 4
9857 2 8
1492 2 8
7511 2 8
5807 1 4
3650 1 4
3663 2 8
5829 2 8
4588 1 4
4604 1 4
9946 1 4
5847 1 4
755 1 4
9972 2 8
7556 2 8
7566 1 4
5875 2 8
2283 2 7
2302 2 7
5894 2 7
412 2 7
6796 2 7
2322 2 7
8892 2 7
2336 2 7
6819 2 7
4568 2 7
8922 2 7
1482 2 7
2347 2 7
3952 2 7
5956 2 7
7751 2 7
1484 2 7
8955 2 7
3964 2 7
3547 2 7
2993 2 7
3574 2 7
8986 2 7
6905 2 7
3010 2 7
3013 2 7
425 2 7
2040 2 7
7842 2 7
2361 2 7
2362 2 7
2366 2 7
5307 2 7
9053 2 7
1776 2 7
4727 2 7
3100 2 7
9098 2 7
7907 2 7
2393 2 7
3641 2 7
5363 2 7
2718 2 7
634 2 7
7033 2 7
4164 2 7
3134 2 7
568 2 7
5414 2 7
1627 2 7
3710 2 7
1844 2 7
9259 2 7
9263 2 7
2121 2 7
4806 2 7
4212 2 7
5480 2 7
8115 2 7
7108 2 7
8124 2 7
1078 2 7
8140 2 7
7121 2 7
101 2 7
8148 2 7
2154 2 7
8165 2 7
8183 2 7
4237 2 7
7148 2 7
4245 2 7
1861 2 7
8220 2 7
3765 2 7
9457 2 7
51 2 7
4280 2 7
4283 2 7
7168 2 7
6305 2 7
5575 2 7
1253 2 7
201 2 7
5612 2 7
5638 2 7
9547 2 7
1886 2 7
5651 2 7
1905 2 7
3344 2 7
7326 2 7
2211 2 7
5689 2 7
8505 2 7
6434 2 7
5694 2 7
4964 2 7
7351 2 7
6484 2 7
8568 2 7
589 2 7
6498 2 7
371 2 7
8594 2 7
852 2 7
5730 2 7
9745 2 7
1544 2 7
4380 2 7
9779 2 7
6 2 7
1708 2 7
6568 2 7
1473 2 7
9836 2 7
8677 2 7
1730 2 7
3424 2 7
5040 2 7
6606 2 7
2261 2 7
8732 2 7
3486 2 7
5815 2 7
1560 2 7
6639 2 7
6648 2 7
6671 2 7
4445 2 7
2269 2 7
3491 2 7
5841 2 7
1743 2 7
4482 2 7
4495 2 7
7606 2 7
3888 2 7
9994 2 7
4478 3 9
3464 3 9
3470 1 3
4483 2 6
1054 1 3
5895 1 3
4500 2 6
2545 1 3
1930 1 3
7653 1 3
5920 2 6
2557 2 6
1497 1 3
7706 2 6
1940 1 3
1944 2 6
238 3 9
1066 3 9
7742 2 6
107 3 9
4601 3 9
1959 2 6
1975 2 6
7774 3 9
5984 1 3
7784 2 6
3523 3 9
6012 1 3
1084 3 9
1514 3 9
7830 3 9
1519 2 6
6023 2 6
4665 3 9
6033 3 9
7862 3 9
7873 3 9
4671 1 3
3552 2 6
2621 1 3
7894 3 9
6065 2 6
2630 2 6
7900 3 9
6071 1 3
2640 1 3
4703 2 6
7923 3 9
1089 1 3
6102 3 9
7935 3 9
1091 1 3
7959 2 6
6109 1 3
7983 2 6
2655 1 3
1527 3 9
573 1 3
4732 1 3
1531 3 9
2050 1 3
8032 3 9
8034 2 6
8057 1 3
2062 1 3
6152 2 6
6157 1 3
2064 2 6
2711 2 6
4755 3 9
6176 1 3
426 2 6
6182 1 3
8125 3 9
288 3 9
2101 1 3
3688 2 6
195 3 9
6209 2 6
6213 3 9
8163 1 3
2115 1 3
4789 1 3
4800 3 9
445 3 9
771 2 6
2130 3 9
8218 2 6
2749 2 6
2750 2 6
4830 3 9
6288 3 9
592 3 9
6306 1 3
8292 3 9
8300 3 9
3737 1 3
3740 1 3
8333 1 3
6321 3 9
4876 1 3
2764 2 6
8362 1 3
3744 3 9
8395 3 9
4888 3 9
3756 2 6
3763 1 3
6370 3 9
8467 2 6
6375 3 9
8482 1 3
296 3 9
6393 3 9
4928 2 6
6407 3 9
8516 2 6
598 1 3
2157 1 3
4935 1 3
2786 1 3
6454 3 9
6467 3 9
8578 2 6
8584 2 6
6476 3 9
8591 2 6
2159 3 9
6486 3 9
3779 2 6
3785 2 6
2802 2 6
6514 3 9
47 3 9
8640 2 6
6520 2 6
8652 2 6
322 2 6
6527 1 3
8666 3 9
4978 1 3
6534 2 6
1565 1 3
4986 3 9
6543 3 9
8706 2 6
8707 3 9
8715 1 3
1572 1 3
8722 2 6
8727 3 9
6566 2 6
6567 2 6
4990 1 3
2815 2 6
6574 2 6
6575 2 6
1189 2 6
8771 1 3
6587 2 6
6592 2 6
4999 1 3
463 1 3
2830 2 6
5020 3 9
5030 1 3
8811 3 9
6628 3 9
3844 2 6
2833 1 3
6634 2 6
8856 1 3
3850 2 6
1606 2 6
8873 2 6
3854 3 9
5085 1 3
1228 3 9
8901 1 3
6698 3 9
834 3 9
1239 1 3
5105 1 3
122 1 3
8932 1 3
1656 3 9
6740 2 6
1657 2 6
5138 3 9
3883 1 3
6779 3 9
2883 2 6
3887 1 3
1252 3 9
3896 2 6
5181 1 3
3897 3 9
476 3 9
9005 3 9
2905 3 9
1258 1 3
1264 3 9
6867 3 9
6869 3 9
490 3 9
2966 3 9
645 1 3
9030 2 6
5245 2 6
1284 2 6
9073 1 3
9080 1 3
9083 2 6
2290 3 9
95 2 6
3967 1 3
6909 1 3
3985 2 6
9124 1 3
2310 2 6
662 3 9
6954 2 6
1349 1 3
2324 3 9
2326 3 9
4059 1 3
9158 3 9
9166 2 6
9208 2 6
9225 1 3
9230 1 3
1720 2 6
6991 1 3
675 1 3
146 1 3
5347 1 3
4096 2 6
1374 3 9
4111 2 6
5364 1 3
927 3 9
1753 3 9
931 1 3
1765 2 6
1767 3 9
3106 1 3
9339 3 9
933 2 6
9356 1 3
9363 1 3
5431 3 9
7080 1 3
3122 1 3
2370 3 9
687 3 9
3144 2 6
5475 3 9
7109 3 9
694 3 9
9406 2 6
9408 2 6
2404 1 3
9435 3 9
4205 2 6
5483 2 6
5487 2 6
3167 3 9
4207 2 6
2407 1 3
516 2 6
1414 2 6
3201 3 9
9479 1 3
9480 1 3
9 2 6
3208 2 6
9515 3 9
1838 1 3
9528 2 6
7191 3 9
5549 2 6
5569 1 3
5574 1 3
4259 3 9
4269 3 9
5584 3 9
5591 3 9
708 2 6
977 1 3
4279 2 6
9653 2 6
9655 2 6
3239 3 9
2454 1 3
3250 3 9
5672 1 3
4307 2 6
7350 2 6
9715 1 3
4310 3 9
3278 1 3
7374 2 6
5692 2 6
9728 3 9
9735 3 9
3281 3 9
4324 1 3
3296 2 6
2458 2 6
9755 2 6
9770 1 3
3320 1 3
7449 2 6
367 2 6
9792 3 9
7469 3 9
9824 1 3
7474 3 9
542 3 9
9838 2 6
1447 1 3
997 2 6
17 1 3
9852 3 9
5779 2 6
4394 2 6
1882 3 9
7521 3 9
1884 2 6
2498 3 9
3393 2 6
3394 2 6
1476 1 3
9916 3 9
5816 2 6
28 2 6
1480 3 9
1040 1 3
409 3 9
4460 3 9
5842 3 9
4470 2 6
9980 3 9
7580 1 3
7587 1 3
3442 1 3
8553 3 8
389 3 8
3981 3 8
9235 3 8
8571 3 8
3727 3 8
5697 3 8
3074 3 8
7147 3 8
9254 3 8
1803 3 8
3085 3 8
4027 3 8
2463 3 8
9281 3 8
2303 3 8
7841 3 8
1805 3 8
9315 3 8
2139 3 8
4825 3 8
1810 3 8
4069 3 8
7201 3 8
8662 3 8
595 3 8
1147 3 8
2681 3 8
6205 3 8
7899 3 8
4468 3 8
640 3 8
1686 3 8
7284 3 8
6226 3 8
6710 3 8
4114 3 8
1049 3 8
6729 3 8
8736 3 8
1691 3 8
6250 3 8
6758 3 8
2877 3 8
2504 3 8
1051 3 8
2889 3 8
6272 3 8
4942 3 8
8796 3 8
8020 3 8
7394 3 8
5848 3 8
4509 3 8
6303 3 8
9532 3 8
7431 3 8
1507 3 8
139 3 8
9569 3 8
1418 3 8
8101 3 8
9599 3 8
2363 3 8
8868 3 8
529 3 8
3555 3 8
3564 3 8
9636 3 8
216 3 8
2558 3 8
8894 3 8
8898 3 8
3258 3 8
3266 3 8
7516 3 8
3277 3 8
4626 3 8
985 3 8
816 3 8
6911 3 8
5961 3 8
3290 3 8
2758 3 8
554 3 8
3628 3 8
6452 3 8
9748 3 8
4681 3 8
668 3 8
1356 3 8
8268 3 8
5060 3 8
5067 3 8
4689 3 8
7008 3 8
4275 3 8
7013 3 8
3895 3 8
7611 3 8
2105 3 8
1367 3 8
3648 3 8
4294 3 8
1017 3 8
9066 3 8
7645 3 8
8437 3 8
2800 3 8
3673 3 8
2273 3 8
9862 3 8
4323 3 8
6539 3 8
329 3 8
7077 3 8
1662 3 8
8491 3 8
6550 3 8
9140 3 8
6098 3 8
6099 3 8
3388 3 8
3052 3 8
9153 3 8
7762 3 8
8551 3 8
3057 3 8
5887 2 5
9269 2 5
7297 2 5
5888 2 5
3719 2 5
2881 2 5
3148 2 5
8668 2 5
6794 2 5
3465 2 5
377 2 5
6327 2 5
6330 2 5
1201 2 5
166 2 5
3172 2 5
1015 2 5
7975 2 5
19 2 5
6868 2 5
6365 2 5
4336 2 5
4715 2 5
2574 2 5
1122 2 5
2755 2 5
5505 2 5
9429 2 5
408 2 5
8047 2 5
8050 2 5
3211 2 5
9456 2 5
814 2 5
7476 2 5
4746 2 5
2446 2 5
5548 2 5
1974 2 5
9474 2 5
8108 2 5
6936 2 5
6951 2 5
9491 2 5
750 2 5
4083 2 5
5134 2 5
249 2 5
5581 2 5
3249 2 5
477 2 5
9545 2 5
6994 2 5
2986 2 5
4436 2 5
1988 2 5
5647 2 5
6526 2 5
2622 2 5
6085 2 5
3005 2 5
649 2 5
7028 2 5
9635 2 5
4148 2 5
7598 2 5
5676 2 5
2806 2 5
8273 2 5
2004 2 5
2333 2 5
7064 2 5
1872 2 5
3324 2 5
481 2 5
3040 2 5
4493 2 5
4867 2 5
710 2 5
1170 2 5
3363 2 5
3061 2 5
7709 2 5
8412 2 5
1310 2 5
1332 2 5
7721 2 5
9048 2 5
7726 2 5
7728 2 5
5295 2 5
1910 2 5
4219 2 5
4545 2 5
4564 2 5
6203 2 5
2239 2 5
5341 2 5
2245 2 5
3678 2 5
140 2 5
8543 2 5
7791 2 5
7164 2 5
3898 2 5
880 2 5
4610 2 5
1184 2 5
3907 2 5
7206 2 5
5391 2 5
9186 2 5
3908 2 5
7248 2 5
9226 2 5
5405 2 5
7863 2 5
2863 2 5
9968 2 5
8607 2 5
2554 2 5
6745 2 5
625 2 5
7891 2 5
8644 2 5
228 3 7
2705 3 7
4864 3 7
3075 3 7
8086 3 7
1009 3 7
2183 3 7
2354 3 7
4887 3 7
3102 3 7
2005 3 7
1881 3 7
1186 3 7
5304 3 7
2225 3 7
2033 3 7
4258 3 7
9425 3 7
5315 3 7
4591 3 7
5797 3 7
1755 3 7
5800 3 7
7626 3 7
3918 3 7
1322 3 7
8857 3 7
1900 3 7
4619 3 7
200 3 7
2909 3 7
5380 3 7
1909 3 7
2921 3 7
2923 3 7
4983 3 7
7150 3 7
4984 3 7
665 3 7
3968 3 7
8301 3 7
4988 3 7
6728 3 7
5876 3 7
8338 3 7
8340 3 7
9577 3 7
6733 3 7
3969 3 7
3194 3 7
5432 3 7
2951 3 7
3989 3 7
1121 3 7
4330 3 7
478 3 7
1229 3 7
7797 3 7
8451 3 7
76 3 7
4030 3 7
8468 3 7
7808 3 7
3215 3 7
7811 3 7
7825 3 7
9698 3 7
5935 3 7
8494 3 7
9719 3 7
127 3 7
2976 3 7
5952 3 7
6834 3 7
2270 3 7
6856 3 7
396 3 7
2981 3 7
7344 3 7
9108 3 7
4745 3 7
2798 3 7
9774 3 7
5517 3 7
181 3 7
8573 3 7
4089 3 7
5107 3 7
6893 3 7
2801 3 7
43 3 7
517 3 7
3009 3 7
1953 3 7
1260 3 7
6920 3 7
8612 3 7
9213 3 7
7444 3 7
2308 3 7
8628 3 7
9232 3 7
518 3 7
1852 3 7
460 3 7
3615 3 7
1415 3 7
160 3 7
9930 3 7
3866 3 7
3629 3 7
6523 3 7
6077 3 7
4185 3 7
6993 3 7
9970 3 7
8026 3 7
69 3 7
1736 3 7
8043 3 7
7524 3 7
5235 3 7
6415 4 9
9386 4 9
6431 4 9
6839 4 9
6850 4 9
8256 4 9
2862 4 9
2196 4 9
3030 4 9
1459 4 9
7283 4 9
6087 4 9
1625 4 9
6460 4 9
4060 4 9
7787 4 9
2467 4 9
1469 4 9
5449 4 9
9461 4 9
656 4 9
6111 4 9
8351 4 9
4606 4 9
1277 4 9
6128 4 9
3707 4 9
8397 4 9
7359 4 9
5819 4 9
7372 4 9
3872 4 9
5478 4 9
9519 4 9
4885 4 9
7388 4 9
5838 4 9
9534 4 9
259 4 9
2243 4 9
5168 4 9
5169 4 9
537 4 9
667 4 9
9586 4 9
5862 4 9
956 4 9
2649 4 9
8513 4 9
9015 4 9
6190 4 9
506 4 9
6195 4 9
1555 4 9
3537 4 9
1672 4 9
9037 4 9
7015 4 9
4157 4 9
6210 4 9
9677 4 9
7950 4 9
7957 4 9
2519 4 9
729 4 9
3906 4 9
5566 4 9
4957 4 9
4171 4 9
3747 4 9
3754 4 9
9111 4 9
3126 4 9
8605 4 9
9738 4 9
4979 4 9
9127 4 9
7 4 9
2266 4 9
9143 4 9
2685 4 9
6688 4 9
4196 4 9
9778 4 9
2020 4 9
8048 4 9
3934 4 9
9159 4 9
8055 4 9
1501 4 9
6309 4 9
7590 4 9
9215 4 9
4209 4 9
9843 4 9
1333 4 9
7117 4 9
5331 4 9
8686 4 9
8098 4 9
2164 4 9
7612 4 9
5340 4 9
9860 4 9
7617 4 9
8713 4 9
678 4 9
3176 4 9
9910 4 9
9264 4 9
6021 4 9
575 4 9
6356 4 9
318 4 9
3978 4 9
2999 4 9
133 4 9
6372 4 9
3416 4 9
6797 4 9
8768 4 9
651 4 9
144 4 9
2195 4 9
5758 4 9
8214 4 9
7962 2 4
2523 2 4
7974 2 4
424 3 6
7979 4 8
5005 2 4
6333 4 8
3155 2 4
8000 3 6
3159 2 4
2525 3 6
5023 4 8
2526 1 2
3171 2 4
2529 4 8
721 3 6
5043 4 8
954 1 2
3181 3 6
1610 4 8
1279 3 6
3198 4 8
6406 3 6
2059 3 6
4056 2 4
3200 2 4
2060 1 2
2561 1 2
8092 4 8
6439 2 4
724 1 2
965 3 6
4074 4 8
3214 2 4
8114 2 4
6459 4 8
4080 1 2
4081 4 8
2072 3 6
1630 3 6
2085 4 8
3234 1 2
6493 4 8
2093 3 6
1642 2 4
6502 1 2
6503 4 8
5172 2 4
3245 3 6
5183 4 8
8199 4 8
4124 1 2
3247 1 2
8210 4 8
4128 2 4
5210 3 6
6529 1 2
2595 2 4
8231 4 8
5219 4 8
8254 1 2
4134 4 8
8260 4 8
1286 1 2
4142 3 6
973 2 4
8278 1 2
6546 4 8
4149 2 4
2608 1 2
2106 2 4
3273 2 4
8319 3 6
3275 1 2
8326 3 6
728 4 8
6572 3 6
8337 2 4
982 3 6
8339 3 6
5267 1 2
2118 2 4
3288 2 4
8349 1 2
1311 3 6
5278 3 6
6599 4 8
2120 2 4
6602 3 6
3305 4 8
8403 1 2
6610 2 4
6611 3 6
8419 3 6
6612 2 4
8439 1 2
5303 1 2
6623 1 2
4191 3 6
3307 2 4
8463 1 2
8465 1 2
1316 4 8
4197 2 4
6633 1 2
607 2 4
5317 2 4
731 4 8
5325 2 4
5326 3 6
5330 3 6
3326 1 2
6692 4 8
608 2 4
6702 1 2
8524 2 4
1347 3 6
8531 3 6
8534 3 6
8540 2 4
2149 3 6
3346 1 2
334 3 6
4231 3 6
6725 3 6
4234 3 6
3359 1 2
5368 1 2
3360 3 6
6738 4 8
3361 1 2
4253 1 2
1685 2 4
6747 1 2
5390 3 6
2158 2 4
5400 1 2
5401 2 4
3372 4 8
1350 1 2
5406 1 2
2161 2 4
5411 2 4
2698 3 6
8638 2 4
1007 1 2
5421 2 4
519 3 6
2706 3 6
1693 1 2
5434 1 2
5448 4 8
1010 3 6
5450 1 2
5463 1 2
5465 4 8
4290 2 4
1357 1 2
3412 2 4
6879 2 4
2179 2 4
746 2 4
1369 4 8
2721 3 6
8717 2 4
1717 4 8
2192 1 2
1370 2 4
2733 4 8
6908 4 8
8735 3 6
5495 3 6
2741 1 2
8741 2 4
1373 2 4
520 1 2
5504 4 8
4348 1 2
2214 2 4
5516 4 8
4355 3 6
5528 3 6
8791 4 8
8793 1 2
6971 4 8
6975 4 8
749 1 2
1028 2 4
4376 1 2
6985 3 6
4377 4 8
8820 2 4
1744 2 4
4388 2 4
8832 4 8
8833 2 4
5553 2 4
2763 1 2
6998 4 8
7000 1 2
270 1 2
2767 4 8
7010 4 8
4405 1 2
751 4 8
1398 3 6
3532 1 2
4428 3 6
5593 4 8
1761 4 8
5608 2 4
8906 1 2
1400 1 2
8909 2 4
5614 3 6
7057 4 8
5615 2 4
3540 1 2
5639 3 6
3542 3 6
636 4 8
531 2 4
5652 3 6
347 3 6
4466 3 6
8959 1 2
535 2 4
7090 3 6
8980 3 6
5678 3 6
4469 4 8
1416 2 4
1788 1 2
1795 3 6
644 4 8
9007 1 2
433 1 2
1807 4 8
9014 1 2
647 4 8
5712 4 8
3580 1 2
2821 2 4
9022 4 8
2282 2 4
5739 3 6
1080 1 2
2827 2 4
4513 2 4
2829 1 2
5774 2 4
3624 2 4
4530 2 4
5781 2 4
7177 2 4
7178 1 2
99 3 6
4543 1 2
5788 3 6
2832 3 6
7208 1 2
4549 1 2
7223 4 8
7230 3 6
3631 1 2
7235 2 4
9135 2 4
2295 1 2
3638 1 2
5809 1 2
4569 4 8
7262 3 6
4570 4 8
285 4 8
4587 4 8
5823 2 4
1837 3 6
9163 1 2
360 3 6
4594 2 4
9192 2 4
7316 4 8
4595 4 8
1450 4 8
792 2 4
2314 2 4
3665 2 4
1113 3 6
4616 3 6
4617 1 2
804 1 2
2872 4 8
1119 2 4
2329 4 8
5884 4 8
5885 1 2
9261 3 6
4636 4 8
1868 2 4
7392 1 2
7393 3 6
1475 3 6
7399 3 6
9282 3 6
2337 4 8
9302 4 8
4666 1 2
361 3 6
9307 4 8
7430 1 2
5898 2 4
3716 1 2
9325 4 8
5918 4 8
363 3 6
9345 2 4
7451 4 8
9352 4 8
9355 3 6
4682 3 6
5925 4 8
9376 4 8
2903 1 2
1129 1 2
9383 3 6
9384 2 4
9385 4 8
5942 1 2
3733 3 6
664 1 2
818 4 8
5953 1 2
7508 3 6
4709 2 4
1145 3 6
825 2 4
2934 3 6
1890 3 6
366 1 2
9431 2 4
3749 1 2
558 1 2
4735 4 8
1161 4 8
9454 3 6
5993 3 6
5996 2 4
7549 4 8
6006 4 8
42 1 2
671 3 6
3766 3 6
185 3 6
2398 3 6
2400 1 2
9477 3 6
9478 2 4
7586 3 6
6026 4 8
9487 3 6
862 4 8
1922 2 4
9501 2 4
6036 1 2
4765 2 4
4766 1 2
6044 3 6
1171 1 2
126 4 8
877 4 8
4773 4 8
9538 4 8
7618 2 4
3801 2 4
9550 3 6
4780 4 8
7628 3 6
9575 4 8
3816 3 6
9583 1 2
7634 2 4
2424 1 2
9588 3 6
2430 2 4
7644 3 6
3001 3 6
9607 3 6
3002 3 6
3832 3 6
7660 1 2
7663 2 4
61 1 2
882 1 2
9647 4 8
2435 1 2
4829 1 2
7708 4 8
387 2 4
3014 3 6
9674 2 4
151 4 8
4844 2 4
3851 2 4
7727 4 8
4853 4 8
9695 4 8
6141 1 2
9700 2 4
9712 2 4
9713 2 4
921 2 4
3023 4 8
7748 1 2
4874 1 2
7756 3 6
1536 3 6
52 2 4
701 4 8
7767 3 6
399 4 8
6166 3 6
6173 4 8
1980 1 2
3053 3 6
2472 2 4
9764 4 8
1553 2 4
705 3 6
4927 3 6
1242 4 8
2483 2 4
3076 4 8
9789 1 2
6204 1 2
3079 2 4
9821 1 2
2484 1 2
1994 2 4
7837 3 6
3099 4 8
9839 1 2
9840 2 4
4948 2 4
6225 1 2
7854 4 8
2490 3 6
7858 4 8
6227 3 6
1996 2 4
7872 4 8
503 1 2
2500 2 4
3118 2 4
7888 4 8
6256 4 8
935 3 6
4969 2 4
9899 3 6
3910 2 4
6262 2 4
3120 4 8
109 1 2
3124 1 2
111 3 6
7914 1 2
7915 1 2
9950 1 2
6284 1 2
9960 3 6
9961 4 8
2027 2 4
6289 1 2
3938 4 8
330 2 4
7941 2 4
9979 1 2
3142 3 6
9983 2 4
1262 4 8
4994 4 8
4995 3 6
9998 2 4
2455 5 9
4702 5 9
5824 5 9
3143 5 9
5556 5 9
1925 5 9
2460 5 9
5362 5 9
876 5 9
6943 5 9
7272 5 9
2817 5 9
2378 5 9
9631 5 9
2323 5 9
7290 5 9
3043 5 9
6346 5 9
8472 5 9
3169 5 9
3661 5 9
3049 5 9
2936 5 9
9277 5 9
2645 5 9
2394 5 9
898 5 9
603 5 9
3984 5 9
6643 5 9
1885 5 9
3847 5 9
4008 5 9
6402 5 9
3196 5 9
1361 5 9
4204 5 9
6430 5 9
2835 5 9
3353 5 9
5237 5 9
7397 5 9
1345 5 9
7408 5 9
7412 5 9
6444 5 9
7773 5 9
4779 5 9
9761 5 9
7777 5 9
1750 5 9
7783 5 9
4402 5 9
4783 5 9
6457 5 9
1954 5 9
5945 5 9
8616 5 9
3551 5 9
9407 5 9
6469 5 9
9422 5 9
5713 5 9
3092 5 9
431 5 9
4422 5 9
7481 5 9
2286 5 9
5277 5 9
8658 5 9
9849 5 9
2778 5 9
1619 5 9
8244 5 9
2699 5 9
3113 5 9
4831 5 9
5988 5 9
5992 5 9
1191 5 9
1314 5 9
9871 5 9
6004 5 9
9885 5 9
9895 5 9
6241 5 9
7528 5 9
6530 5 9
6244 5 9
2592 5 9
9496 5 9
6862 5 9
1914 5 9
9509 5 9
6538 5 9
3760 5 9
2444 5 9
5322 5 9
1446 5 9
9967 5 9
5522 5 9
6557 5 9
379 5 9
4473 5 9
7203 5 9
8765 5 9
1824 5 9
9562 5 9
5335 5 9
8385 5 9
3260 5 9
3355 4 7
3573 4 7
6682 4 7
9542 4 7
4668 4 7
1729 4 7
494 4 7
4908 4 7
2291 4 7
978 4 7
5231 4 7
1263 4 7
2908 4 7
1934 4 7
398 4 7
8263 4 7
7074 4 7
4695 4 7
4697 4 7
4699 4 7
802 4 7
3608 4 7
2665 4 7
9180 4 7
2929 4 7
6135 4 7
2931 4 7
5525 4 7
3626 4 7
839 4 7
5852 4 7
4725 4 7
7141 4 7
1951 4 7
5542 4 7
6164 4 7
6485 4 7
1554 4 7
2941 4 7
1864 4 7
8367 4 7
946 4 7
192 4 7
8799 4 7
9265 4 7
3848 4 7
1195 4 7
7583 4 7
5891 4 7
3445 4 7
485 4 7
8420 4 7
6857 4 7
315 4 7
3466 4 7
9746 4 7
7965 4 7
4515 4 7
8452 4 7
7204 4 7
1880 4 7
3472 4 7
1300 4 7
7221 4 7
5337 4 7
7993 4 7
3480 4 7
7231 4 7
8900 4 7
8484 4 7
9801 4 7
9806 4 7
8488 4 7
4540 4 7
953 4 7
2565 4 7
8914 4 7
2466 4 7
8025 4 7
3276 4 7
1566 4 7
5049 4 7
3133 4 7
5653 4 7
4785 4 7
4332 4 7
4334 4 7
4802 4 7
9414 4 7
1774 4 7
4579 4 7
5688 4 7
1570 4 7
858 4 7
6955 4 7
2844 4 7
8998 4 7
8572 4 7
7724 4 7
6287 4 7
1524 4 7
5116 4 7
3901 4 7
1162 4 7
4354 4 7
2153 4 7
653 4 7
8604 4 7
507 4 7
5424 4 7
1110 4 7
966 4 7
8614 4 7
9045 4 7
3336 4 7
8617 4 7
3913 4 7
2618 4 7
2492 4 7
9076 4 7
6638 4 7
1622 4 7
1820 4 7
9529 4 7
821 4 7
8923 3 5
1819 3 5
9284 3 5
1227 3 5
298 3 5
2949 3 5
4863 3 5
3298 3 5
3173 3 5
993 3 5
2646 3 5
6068 3 5
7210 3 5
4485 3 5
752 3 5
6595 3 5
1604 3 5
1912 3 5
4704 3 5
9365 3 5
1298 3 5
3811 3 5
2656 3 5
7608 3 5
5853 3 5
3935 3 5
5866 3 5
5598 3 5
9739 3 5
4915 3 5
5147 3 5
6114 3 5
6373 3 5
6116 3 5
8702 3 5
5879 3 5
2107 3 5
3649 3 5
159 3 5
1058 3 5
2003 3 5
1305 3 5
6422 3 5
2305 3 5
2988 3 5
7990 3 5
3683 3 5
7671 3 5
1620 3 5
7679 3 5
2791 3 5
3231 3 5
5915 3 5
4958 3 5
8767 3 5
2689 3 5
3990 3 5
9133 3 5
4000 3 5
1062 3 5
4976 3 5
7059 3 5
4009 3 5
6185 3 5
283 3 5
3549 3 5
6743 3 5
358 3 5
1142 3 5
3128 3 5
6759 3 5
9174 3 5
5719 3 5
9183 3 5
3012 3 5
3566 3 5
4226 3 5
4420 3 5
6512 3 5
9922 3 5
910 3 5
2413 3 5
9548 3 5
4794 3 5
8865 3 5
9948 3 5
5762 3 5
1943 3 5
9954 3 5
4433 3 5
5007 3 5
4625 3 5
1798 3 5
867 3 5
979 3 5
5309 3 5
7828 3 5
4444 3 5
145 3 5
6017 3 5
297 3 5
9986 3 5
3428 3 5
1471 3 5
716 3 5
312 5 8
5193 5 8
9205 5 8
4960 5 8
6598 5 8
1282 5 8
9223 5 8
1564 5 8
4242 5 8
6363 5 8
8809 5 8
5216 5 8
3682 5 8
6118 5 8
9646 5 8
916 5 8
129 5 8
2343 5 8
3828 5 8
6388 5 8
5669 5 8
9672 5 8
4260 5 8
4264 5 8
3426 5 8
7668 5 8
5446 5 8
7317 5 8
8874 5 8
9279 5 8
4121 5 8
8506 5 8
8889 5 8
4796 5 8
7686 5 8
8896 5 8
6661 5 8
8522 5 8
1043 5 8
3833 5 8
2012 5 8
6683 5 8
2017 5 8
1822 5 8
4819 5 8
6696 5 8
5270 5 8
8093 5 8
4659 5 8
9753 5 8
180 5 8
1012 5 8
7733 5 8
1836 5 8
5015 5 8
5960 5 8
8956 5 8
1422 5 8
4308 5 8
4309 5 8
5496 5 8
6730 5 8
1099 5 8
9812 5 8
3479 5 8
7425 5 8
7426 5 8
8152 5 8
9835 5 8
2301 5 8
1725 5 8
3347 5 8
3986 5 8
7789 5 8
7790 5 8
3859 5 8
4178 5 8
1516 5 8
6767 5 8
1787 5 8
9023 5 8
3746 5 8
6013 5 8
6522 5 8
582 5 8
6793 5 8
1523 5 8
3752 5 8
7832 5 8
7505 5 8
5541 5 8
7125 5 8
1915 5 8
9908 5 8
6805 5 8
177 5 8
7142 5 8
5546 5 8
6533 5 8
3632 5 8
2759 5 8
4548 5 8
6849 5 8
2315 5 8
4555 5 8
8731 5 8
2671 5 8
2067 5 8
2772 5 8
5577 5 8
6563 5 8
4381 5 8
3065 5 8
7184 5 8
5582 5 8
969 5 8
4577 5 8
2160 5 8
2779 5 8
6092 5 8
305 5 8
5872 5 8
7218 5 8
3822 4 6
5664 6 9
1114 2 3
7866 2 3
5103 4 6
1732 2 3
6268 4 6
3478 4 6
5112 6 9
164 2 3
5687 6 9
1916 6 9
5122 6 9
8945 2 3
5123 6 9
8953 4 6
5124 2 3
4642 2 3
4644 6 9
7055 6 9
8971 4 6
7910 2 3
5132 4 6
1917 4 6
3152 2 3
5139 2 3
3153 6 9
36 2 3
1548 6 9
4667 6 9
3495 2 3
7943 6 9
7070 4 6
4233 2 3
5166 2 3
3846 6 9
4680 6 9
7967 2 3
5773 6 9
7097 4 6
2373 6 9
6362 4 6
7981 2 3
800 2 3
670 6 9
9041 6 9
5192 2 3
275 2 3
1927 4 6
9057 6 9
3518 4 6
369 2 3
5200 6 9
9074 4 6
5799 6 9
6389 4 6
9082 4 6
8019 2 3
5208 6 9
9085 6 9
3520 4 6
5215 2 3
9100 2 3
1558 4 6
3531 2 3
6408 4 6
5814 4 6
2907 4 6
7158 4 6
6428 6 9
1133 6 9
5818 2 3
6432 6 9
8069 6 9
1138 4 6
8076 2 3
1139 6 9
677 2 3
5826 4 6
6449 2 3
8096 4 6
2668 4 6
4718 2 3
4721 4 6
411 2 3
5253 6 9
1949 4 6
370 6 9
7214 2 3
9187 4 6
9189 2 3
5259 6 9
3891 2 3
6470 2 3
4295 4 6
6481 2 3
4297 6 9
4737 2 3
3894 2 3
6489 6 9
8159 2 3
9233 4 6
5864 4 6
2427 6 9
3202 2 3
5874 4 6
7267 2 3
1289 2 3
1290 6 9
4314 6 9
8207 6 9
5878 2 3
2943 2 3
6517 6 9
683 2 3
936 6 9
2203 4 6
2960 2 3
1789 4 6
8248 4 6
8252 4 6
7322 4 6
7324 2 3
1965 4 6
5890 6 9
4770 2 3
1971 2 3
9313 6 9
822 4 6
5896 4 6
1582 6 9
1600 2 3
9326 4 6
9332 4 6
4345 4 6
8296 2 3
9340 6 9
9341 6 9
8297 6 9
9349 6 9
8298 4 6
5902 6 9
7363 2 3
8309 4 6
9357 2 3
8313 6 9
5910 2 3
7371 6 9
5913 2 3
5914 6 9
7379 6 9
3604 4 6
6560 6 9
7387 4 6
5917 2 3
7391 4 6
1303 6 9
3610 4 6
3611 4 6
1155 2 3
8356 4 6
6569 4 6
5927 6 9
8375 2 3
7410 2 3
8388 2 3
4367 6 9
9426 2 3
5934 2 3
3941 6 9
7422 2 3
5940 2 3
1464 6 9
3945 4 6
4379 2 3
8421 4 6
8432 2 3
9459 6 9
8434 4 6
4811 2 3
7434 4 6
9467 6 9
1039 6 9
8445 6 9
1309 4 6
1472 6 9
2002 2 3
470 4 6
417 4 6
2748 6 9
8466 4 6
584 4 6
3279 4 6
3007 2 3
5969 2 3
7488 6 9
9502 6 9
5394 2 3
4841 6 9
1827 2 3
2268 6 9
1315 6 9
421 4 6
2493 2 3
9531 6 9
753 6 9
3309 4 6
6655 2 3
9536 4 6
3317 6 9
8521 2 3
9543 2 3
1324 4 6
6014 6 9
4442 4 6
7531 2 3
5429 4 6
8532 6 9
4884 2 3
9570 4 6
2280 2 3
422 4 6
9582 4 6
4450 6 9
8544 6 9
3325 2 3
7561 4 6
6028 6 9
4038 2 3
7569 4 6
1496 2 3
7573 6 9
7574 2 3
4049 4 6
7576 2 3
5459 6 9
5462 6 9
6716 4 6
7585 4 6
4910 4 6
9650 4 6
8601 2 3
6049 4 6
77 6 9
9660 4 6
309 4 6
3708 4 6
7595 4 6
957 2 3
5472 6 9
9678 6 9
1670 6 9
2299 4 6
29 2 3
6084 4 6
4076 2 3
762 6 9
6089 6 9
9704 6 9
9711 6 9
6762 6 9
6090 6 9
3060 6 9
1079 2 3
763 6 9
6785 2 3
1874 4 6
8665 6 9
430 6 9
6103 2 3
8669 2 3
8675 6 9
7650 2 3
67 4 6
8682 6 9
1213 4 6
775 4 6
8698 2 3
9752 2 3
3081 4 6
6113 2 3
7669 6 9
8703 6 9
4520 2 3
2096 4 6
8711 4 6
1093 6 9
6825 6 9
1094 6 9
9783 4 6
4539 2 3
3094 6 9
9800 4 6
8724 2 3
5526 4 6
2104 2 3
6852 2 3
3396 6 9
4546 4 6
103 2 3
8737 2 3
1887 4 6
4146 6 9
8742 4 6
6154 2 3
1102 2 3
1898 4 6
7732 6 9
9847 2 3
2580 2 3
4998 2 3
2109 2 3
5002 6 9
7754 6 9
6888 2 3
8790 6 9
44 6 9
4572 2 3
3774 6 9
5009 4 6
5011 4 6
6184 2 3
887 2 3
4165 6 9
4580 6 9
4168 6 9
1391 2 3
3783 2 3
8826 6 9
1392 2 3
3125 6 9
6942 6 9
4596 6 9
7799 4 6
8846 6 9
3456 6 9
3799 6 9
4187 4 6
5628 4 6
6970 4 6
7813 6 9
7822 4 6
9962 4 6
2597 2 3
5072 6 9
8875 4 6
6977 2 3
5642 6 9
2355 4 6
9978 2 3
6237 2 3
6984 6 9
2604 4 6
5090 6 9
184 6 9
6246 6 9
5093 2 3
8905 6 9
4014 5 7
2814 5 7
838 5 7
4889 5 7
5951 5 7
6136 5 7
3406 5 7
6565 5 7
1785 5 7
7336 5 7
2044 5 7
1982 5 7
8606 5 7
6148 5 7
4909 5 7
5239 5 7
8266 5 7
3656 5 7
2910 5 7
5592 5 7
4917 5 7
9329 5 7
1048 5 7
2262 5 7
4492 5 7
3798 5 7
8967 5 7
6179 5 7
7100 5 7
3310 5 7
4938 5 7
8312 5 7
2371 5 7
5101 5 7
7944 5 7
7658 5 7
9373 5 7
722 5 7
8673 5 7
2688 5 7
9381 5 7
3452 5 7
841 5 7
3571 5 7
5285 5 7
8695 5 7
5859 5 7
1090 5 7
1250 5 7
9397 5 7
7703 5 7
7416 5 7
585 5 7
2614 5 7
3340 5 7
6219 5 7
7715 5 7
9417 5 7
7152 5 7
4240 5 7
9795 5 7
3036 5 7
9061 5 7
2202 5 7
6915 5 7
2399 5 7
4691 5 7
1461 5 7
7455 5 7
237 5 7
8035 5 7
8040 5 7
7737 5 7
9463 5 7
8438 5 7
7467 5 7
7174 5 7
3946 5 7
2965 5 7
474 5 7
6945 5 7
5156 5 7
7194 5 7
2480 5 7
1757 5 7
8077 5 7
1130 5 7
5715 5 7
609 5 7
3620 5 7
9870 5 7
5520 5 7
9872 5 7
9873 5 7
735 5 7
1474 5 7
5351 5 7
169 5 7
8802 5 7
7225 5 7
7226 5 7
5530 5 7
8510 5 7
9923 5 7
8824 5 7
1109 5 7
5770 5 7
3987 5 7
8517 5 7
9947 5 7
6739 5 7
2894 5 7
7257 5 7
6106 5 7
3759 5 7
7562 5 7
2895 5 7
8860 5 7
9228 5 7
5205 5 7
7270 5 7
5928 5 7
8174 5 7
3633 5 7
6760 5 7
8196 5 7
8887 5 7
1521 5 7
2991 5 7
7843 5 7
9991 5 7
5552 5 7
7294 5 7
9377 6 8
2942 3 4
2218 3 4
4797 3 4
495 3 4
3657 6 8
8770 3 4
1891 3 4
2385 6 8
2386 3 4
2962 3 4
8215 3 4
4818 3 4
3162 3 4
3410 6 8
1892 6 8
5529 6 8
8239 3 4
8242 3 4
5189 3 4
8246 6 8
4534 3 4
4229 6 8
5194 6 8
437 3 4
7700 3 4
226 3 4
2771 3 4
1098 6 8
5924 3 4
3930 6 8
555 3 4
6732 3 4
8287 3 4
6301 6 8
1016 6 8
6304 6 8
5213 3 4
1629 3 4
7224 3 4
8871 6 8
4561 6 8
1772 6 8
87 3 4
6749 6 8
3190 6 8
5576 3 4
7240 3 4
30 6 8
9489 3 4
3948 3 4
9495 6 8
64 3 4
4265 6 8
1032 3 4
7261 3 4
5238 6 8
2989 6 8
2090 3 4
4585 6 8
781 6 8
8354 6 8
119 6 8
5610 6 8
5967 6 8
2431 3 4
4592 3 4
6811 6 8
8936 3 4
8390 6 8
8393 6 8
8941 6 8
5981 3 4
4282 6 8
5619 6 8
5620 3 4
3204 3 4
6833 3 4
5633 6 8
7330 3 4
8966 6 8
4286 6 8
8968 6 8
1197 6 8
4922 6 8
8436 3 4
6007 3 4
6010 6 8
2100 3 4
4291 6 8
9609 3 4
9621 3 4
1116 3 4
3750 3 4
2811 6 8
2440 6 8
5660 3 4
9010 3 4
1799 6 8
7845 6 8
4622 3 4
3757 6 8
734 3 4
5305 3 4
2627 6 8
1216 3 4
3236 3 4
9024 3 4
4639 6 8
6904 6 8
9675 3 4
2633 3 4
8490 6 8
9679 3 4
5690 3 4
8493 3 4
6054 3 4
9691 6 8
9052 3 4
8496 3 4
1320 3 4
3029 3 4
6471 6 8
9068 3 4
2642 3 4
1538 6 8
6923 3 4
4973 6 8
4660 3 4
4662 6 8
245 6 8
4045 3 4
9727 6 8
2112 3 4
6950 3 4
7929 6 8
7432 6 8
4054 6 8
214 3 4
7938 3 4
1683 3 4
9114 3 4
1044 6 8
6968 6 8
7452 3 4
8554 3 4
8558 3 4
6095 3 4
1550 6 8
7458 3 4
7459 3 4
6974 6 8
7468 3 4
8580 3 4
2842 3 4
7471 6 8
5355 6 8
5361 3 4
9161 3 4
1823 6 8
336 3 4
3807 6 8
9813 6 8
1334 6 8
9181 6 8
6110 3 4
301 3 4
9832 6 8
7498 6 8
1957 3 4
522 6 8
4086 6 8
3568 6 8
137 3 4
79 6 8
1840 3 4
9224 6 8
702 3 4
3082 6 8
8630 6 8
9853 6 8
1847 6 8
8639 6 8
2696 3 4
1712 6 8
6139 3 4
1715 6 8
3592 3 4
2496 6 8
9868 6 8
8659 6 8
386 3 4
984 6 8
1075 3 4
3105 3 4
3609 3 4
9884 6 8
429 3 4
9894 6 8
1152 6 8
9897 6 8
3115 3 4
8084 3 4
1153 3 4
6581 6 8
4446 3 4
6175 6 8
1733 6 8
1272 3 4
8699 3 4
4457 6 8
4166 6 8
8105 6 8
9312 3 4
707 3 4
8111 3 4
4169 6 8
7096 3 4
6603 3 4
1740 6 8
84 6 8
1380 3 4
2728 3 4
6616 3 4
6192 3 4
354 3 4
2537 6 8
5126 3 4
395 3 4
3375 3 4
3141 6 8
223 3 4
8170 6 8
1283 3 4
4791 6 8
8184 3 4
8758 3 4
7456 7 9
8347 7 9
3218 7 9
78 7 9
6463 7 9
5444 7 9
3789 7 9
2079 7 9
757 7 9
86 7 9
8371 7 9
5082 7 9
6483 7 9
4899 7 9
232 7 9
7484 7 9
4905 7 9
7220 7 9
157 7 9
930 7 9
658 7 9
2369 7 9
2573 7 9
170 7 9
9366 7 9
9367 7 9
8078 7 9
8423 7 9
4600 7 9
1360 7 9
5297 7 9
3685 7 9
774 7 9
1942 7 9
6086 7 9
9046 7 9
5693 7 9
9050 7 9
7804 7 9
3554 7 9
2013 7 9
2300 7 9
10377
24407