32 1 18
180 1 18
575 1 18
1081 1 18
1459 1 18
1608 1 18
1706 1 18
2149 1 18
2254 1 18
2322 1 18
2335 1 18
2401 1 18
2545 1 18
2548 1 18
2794 1 18
2880 1 18
3012 1 18
3023 1 18
3038 1 18
3054 1 18
3056 1 18
3118 1 18
3196 1 18
3252 1 18
3278 1 18
3517 1 18
3727 1 18
3730 1 18
3736 1 18
3886 1 18
3890 1 18
3956 1 18
4063 1 18
4168 1 18
4781 1 18
4913 1 18
1181 1 17
256 1 17
2966 1 17
1500 1 17
500 1 17
184 1 17
3047 1 17
1922 1 17
2024 1 17
3072 1 17
3085 1 17
673 1 17
3167 1 17
2211 1 17
3203 1 17
3225 1 17
1032 1 17
1033 1 17
3356 1 17
3357 1 17
3444 1 17
3456 1 17
1035 1 17
3681 1 17
3720 1 17
1062 1 17
2428 1 17
2477 1 17
3745 1 17
185 1 17
1162 1 17
2558 1 17
3980 1 17
2619 1 17
4065 1 17
2686 1 17
4191 1 17
4410 1 17
4670 1 17
2687 1 17
2702 1 17
697 1 16
1698 1 16
196 1 16
3579 1 16
540 1 16
1229 1 16
2072 1 16
1280 1 16
1336 1 16
3105 1 16
3851 1 16
3863 1 16
3868 1 16
2248 1 16
141 1 16
3914 1 16
3948 1 16
3190 1 16
2313 1 16
2872 1 16
353 1 16
3237 1 16
2904 1 16
4401 1 16
3265 1 16
4496 1 16
2918 1 16
4678 1 16
1577 1 16
4909 1 16
2975 1 16
4984 1 16
41 1 15
1931 1 15
1295 1 15
2062 1 15
3285 1 15
3346 1 15
674 1 15
1359 1 15
2158 1 15
284 1 15
2232 1 15
2693 1 15
3623 1 15
1156 1 15
4495 1 15
729 1 15
4605 1 15
1163 1 15
622 1 15
4710 1 15
4755 1 15
2328 1 15
636 1 15
3775 1 15
2934 1 15
631 1 14
1588 1 14
3970 1 14
3120 1 14
3524 1 14
2511 1 14
2534 1 14
3654 1 14
4311 1 14
4353 1 14
624 1 14
1304 1 14
4474 1 14
766 1 14
802 1 14
4553 1 14
1415 1 14
1430 1 14
2038 1 14
927 1 14
3329 1 14
1257 1 14
4883 1 14
2824 1 14
2864 1 14
3399 1 14
1628 1 13
3429 1 13
1653 1 13
2727 1 13
3995 1 13
3997 1 13
4019 1 13
3513 1 13
1687 1 13
4087 1 13
1091 1 13
618 1 13
4230 1 13
3611 1 13
4315 1 13
904 1 13
515 1 13
2883 1 13
2895 1 13
1979 1 13
3227 1 13
277 1 13
4580 1 13
716 1 13
3770 1 13
1478 1 13
4683 1 13
3820 1 13
1236 1 13
4764 1 13
2130 1 13
4871 1 13
1501 1 13
569 1 13
740 1 13
4955 1 13
53 1 13
4203 1 12
1486 1 12
3045 1 12
2236 1 12
1496 1 12
3779 1 12
1817 1 12
4466 1 12
3390 1 12
2739 1 12
3426 1 12
3880 1 12
1875 1 12
931 1 12
1407 1 12
1503 1 12
1570 1 12
2037 1 12
858 1 12
3602 1 12
1422 1 12
4816 1 12
2069 1 12
171 1 12
1612 1 12
1438 1 12
4921 1 12
1148 1 12
647 1 12
4990 1 12
456 1 11
4070 1 11
1498 1 11
499 1 11
883 1 11
212 1 11
4208 1 11
3661 1 11
3678 1 11
3134 1 11
3691 1 11
4378 1 11
2068 1 11
1508 1 11
1511 1 11
1531 1 11
2133 1 11
906 1 11
1282 1 11
239 1 11
4596 1 11
3796 1 11
518 1 11
40 1 11
560 1 11
1644 1 11
4719 1 11
689 1 11
566 1 11
380 1 11
400 1 11
3003 1 11
734 1 11
4904 1 11
1836 1 11
599 1 11
2496 1 11
753 1 11
428 1 11
1963 1 11
1373 1 10
836 1 10
4044 1 10
42 1 10
750 1 10
3781 1 10
2555 1 10
299 1 10
2577 1 10
320 1 10
3327 1 10
345 1 10
4275 1 10
3334 1 10
4819 1 10
2389 1 10
3901 1 10
2935 1 10
4398 1 10
3125 1 10
1215 1 10
4922 1 10
1546 1 10
2221 1 10
1082 1 10
504 2 18
1944 2 18
3088 2 18
3090 1 9
3570 1 9
4122 2 18
873 2 18
2744 1 9
2775 1 9
3124 1 9
565 2 18
4251 1 9
1042 1 9
3672 1 9
306 1 9
1247 1 9
233 2 18
3693 1 9
2466 1 9
3212 1 9
1461 2 18
3226 1 9
2484 2 18
2908 1 9
502 1 9
3262 1 9
4589 2 18
2919 2 18
840 2 18
4636 1 9
4663 2 18
1134 2 18
3831 2 18
4682 2 18
3846 1 9
4694 2 18
3847 1 9
3302 2 18
935 2 18
1307 2 18
946 2 18
4785 2 18
3004 1 9
4818 1 9
1339 1 9
4847 1 9
1343 1 9
3910 2 18
2598 1 9
3398 2 18
1904 2 18
3400 1 9
3415 1 9
961 2 18
2243 1 9
1923 1 9
4994 2 18
4685 2 17
3698 2 17
4361 2 17
3157 2 17
4742 2 17
2020 2 17
2899 2 17
2676 2 17
1164 2 17
4088 2 17
4097 2 17
3417 2 17
4543 2 17
3423 2 17
1518 2 17
3935 2 17
524 2 17
4227 2 17
3677 2 17
2924 2 17
4949 2 17
26 2 17
2388 2 17
710 2 17
4338 2 17
954 1 8
4171 2 16
1226 2 16
791 2 16
2077 2 16
3613 1 8
2085 2 16
2096 2 16
3096 1 8
2098 2 16
3107 2 16
4320 2 16
2606 2 16
235 2 16
829 1 8
478 2 16
600 1 8
3153 2 16
2182 1 8
4437 1 8
4447 2 16
2698 2 16
3172 1 8
4478 2 16
2189 2 16
535 2 16
4511 2 16
1709 2 16
2222 2 16
3223 2 16
389 1 8
2784 2 16
1821 1 8
3841 2 16
2238 2 16
2862 1 8
2240 1 8
1828 2 16
545 2 16
893 1 8
2309 2 16
733 2 16
4712 1 8
4717 1 8
391 1 8
2325 1 8
910 2 16
3930 2 16
1526 1 8
2339 2 16
634 1 8
1535 1 8
2951 2 16
324 1 8
4852 2 16
1989 2 16
2995 1 8
4900 1 8
4037 1 8
1557 1 8
406 2 16
369 2 16
4068 2 16
2489 1 8
1582 1 8
4977 2 16
2509 2 16
1200 2 16
3049 2 16
4381 2 15
2993 2 15
151 2 15
3870 2 15
4422 2 15
2473 2 15
2637 2 15
1961 2 15
346 2 15
857 2 15
4490 2 15
3326 2 15
4829 2 15
1165 2 15
4848 2 15
1841 2 15
2338 2 15
944 2 15
4249 2 15
2382 2 15
156 2 15
1700 2 15
3626 2 15
2391 2 15
4328 2 15
1604 2 15
2802 2 15
3675 2 15
4367 2 15
60 2 15
3944 2 14
2699 1 7
4471 2 14
2421 1 7
2050 2 14
4479 1 7
2462 1 7
50 1 7
430 1 7
3300 2 14
4523 1 7
1926 2 14
2793 1 7
238 2 14
3328 2 14
2076 2 14
2495 1 7
3337 2 14
4642 2 14
4657 2 14
1936 1 7
2287 1 7
4676 2 14
4106 2 14
2290 1 7
4130 1 7
4145 1 7
4160 2 14
3371 2 14
2292 2 14
2544 1 7
2298 2 14
4736 1 7
713 2 14
4215 1 7
219 2 14
1285 2 14
4784 1 7
3151 2 14
4801 2 14
2109 1 7
1972 1 7
4277 2 14
656 2 14
3858 1 7
4318 1 7
2617 2 14
83 2 14
272 2 14
3873 2 14
2649 1 7
980 2 14
984 2 14
3594 1 7
4389 2 14
3906 1 7
4952 1 7
3599 1 7
4959 2 14
1481 1 7
2042 1 7
4425 1 7
2048 2 14
2588 2 13
1270 2 13
136 2 13
989 2 13
995 2 13
536 2 13
2144 2 13
2661 2 13
1849 2 13
2521 2 13
4876 2 13
1516 2 13
3264 2 13
534 2 13
3276 2 13
4055 2 13
3019 2 13
1910 2 13
3026 2 13
4723 2 13
1117 2 13
4079 2 13
3312 2 13
652 2 13
2026 2 13
2087 2 13
3660 2 12
98 1 6
3150 3 18
4286 1 6
4291 3 18
1637 2 12
2703 2 12
1639 1 6
2028 2 12
2029 2 12
4330 3 18
3185 3 18
2331 3 18
483 2 12
911 1 6
328 3 18
1692 2 12
2810 3 18
1258 3 18
2828 1 6
337 1 6
832 2 12
1121 1 6
4436 1 6
3819 3 18
1740 1 6
3827 2 12
1788 3 18
2444 3 18
2461 2 12
125 3 18
4485 3 18
1137 1 6
3854 2 12
433 2 12
2474 3 18
4518 2 12
848 1 6
657 2 12
3871 2 12
2105 1 6
4581 3 18
3878 3 18
665 3 18
4600 1 6
1855 1 6
2969 3 18
4639 3 18
1874 3 18
3352 2 12
871 1 6
1876 1 6
3363 3 18
1354 1 6
3377 1 6
669 1 6
1915 2 12
3962 2 12
2194 2 12
1916 3 18
4714 3 18
3990 1 6
3993 2 12
1175 2 12
4725 2 12
1398 3 18
2582 1 6
1567 2 12
1568 2 12
47 3 18
2607 1 6
3460 3 18
3463 3 18
4803 1 6
4811 2 12
3490 3 18
4071 2 12
3493 1 6
4824 3 18
3500 3 18
3508 2 12
4092 1 6
751 1 6
1945 2 12
1204 3 18
1428 3 18
4134 2 12
3573 3 18
4156 3 18
2276 2 12
3592 2 12
3103 1 6
897 1 6
2685 3 18
3112 1 6
1975 3 18
4961 1 6
4223 2 12
1437 1 6
4986 1 6
475 3 18
2302 2 12
3941 3 17
445 3 17
3160 3 17
4558 3 17
3843 3 17
2147 3 17
375 3 17
3293 3 17
4373 3 17
323 3 17
1132 3 17
115 3 17
3584 3 17
530 3 17
4409 3 17
2705 3 17
4217 3 17
3043 3 17
4428 3 17
2949 3 17
2713 3 17
2317 3 17
3777 3 17
4252 3 17
4264 3 17
3899 3 17
1769 3 17
2267 3 17
3643 3 17
4296 3 17
3466 3 17
3066 3 17
1996 3 17
3442 2 11
933 2 11
1432 2 11
2101 2 11
121 2 11
287 2 11
3696 2 11
3470 2 11
4588 2 11
2274 2 11
1015 2 11
1525 2 11
1116 2 11
228 2 11
104 2 11
3017 2 11
2841 2 11
489 2 11
4666 2 11
2162 2 11
2175 2 11
336 2 11
3974 2 11
1668 2 11
2891 2 11
4946 2 11
1669 2 11
2896 2 11
2071 2 11
1681 2 11
1136 2 11
1210 2 11
1048 2 11
2353 2 11
2933 2 11
2016 2 11
3467 3 16
4081 3 16
4084 3 16
4501 3 16
3291 3 16
2168 3 16
1230 3 16
4541 3 16
1988 3 16
3656 3 16
747 3 16
4571 3 16
4420 3 16
3313 3 16
1243 3 16
2532 3 16
517 3 16
2540 3 16
326 3 16
2621 3 16
997 3 16
54 3 16
2551 3 16
4658 3 16
1928 3 16
3191 3 16
820 2 10
2677 3 15
461 3 15
947 3 15
948 2 10
4435 2 10
1539 3 15
3436 2 10
701 3 15
4450 1 5
4460 2 10
290 3 15
839 3 15
983 1 5
3461 1 5
533 1 5
1575 3 15
2714 1 5
2113 3 15
3485 2 10
1170 2 10
4503 1 5
1171 2 10
2424 1 5
2139 1 5
4530 1 5
2430 1 5
3143 1 5
90 2 10
4002 3 15
3536 2 10
2799 3 15
4038 1 5
4042 1 5
574 3 15
514 2 10
2153 1 5
3589 3 15
4610 1 5
1003 1 5
3168 2 10
2833 1 5
4655 3 15
1934 3 15
3608 3 15
577 1 5
1630 3 15
1213 3 15
2492 3 15
4093 3 15
1448 3 15
3652 1 5
4109 3 15
3215 2 10
4700 2 10
2886 1 5
1456 3 15
735 3 15
3668 2 10
579 2 10
658 1 5
117 2 10
4728 3 15
4174 2 10
157 3 15
2535 2 10
1493 3 15
2004 2 10
2925 3 15
617 1 5
3719 3 15
1068 3 15
909 2 10
3299 1 5
94 2 10
4256 3 15
4821 1 5
3737 1 5
1710 3 15
4843 2 10
3303 1 5
1724 1 5
4851 2 10
2277 3 15
786 2 10
4302 3 15
4879 3 15
2978 2 10
2289 3 15
1745 2 10
554 2 10
796 3 15
1801 3 15
3350 1 5
4924 2 10
4937 1 5
1805 3 15
2623 1 5
2633 1 5
2634 3 15
3037 2 10
3373 3 15
4972 2 10
693 3 15
3039 1 5
816 1 5
4403 2 10
2318 1 5
2639 3 14
395 3 14
2137 3 14
2663 3 14
4828 3 14
2379 3 14
1878 3 14
2262 3 14
1250 3 14
4179 3 14
868 3 14
4375 3 14
148 3 14
1673 3 14
322 3 14
2160 3 14
414 3 14
2014 3 14
4557 3 14
2084 3 14
3609 3 14
1281 3 14
4735 3 14
963 3 14
889 3 14
2097 3 14
1933 3 14
174 3 14
2224 3 14
732 3 14
4626 3 14
16 3 14
4807 3 14
1177 3 14
1731 3 14
4060 4 18
3814 4 18
341 2 9
706 2 9
1960 2 9
251 2 9
2985 4 18
1962 2 9
470 4 18
1969 2 9
1344 2 9
902 4 18
4724 4 18
3175 2 9
2820 2 9
3 4 18
260 4 18
1379 4 18
527 2 9
1403 2 9
3213 4 18
4151 2 9
481 2 9
3222 2 9
3892 2 9
359 4 18
589 2 9
488 2 9
4190 2 9
128 2 9
1041 4 18
851 4 18
4210 2 9
3680 2 9
4840 4 18
3261 4 18
2031 2 9
4536 2 9
4538 4 18
4226 4 18
2502 4 18
3951 4 18
3074 2 9
4881 4 18
3464 2 9
4886 2 9
4892 4 18
2506 4 18
332 4 18
163 4 18
3986 2 9
442 2 9
1293 2 9
68 4 18
3996 2 9
1468 4 18
4309 2 9
4000 2 9
1742 2 9
2209 2 9
4031 2 9
4034 2 9
2936 4 18
779 4 18
1767 4 18
3562 2 9
3800 4 18
4434 3 13
202 3 13
2143 3 13
1480 3 13
3507 3 13
20 3 13
3509 3 13
3437 3 13
4345 3 13
186 3 13
170 3 13
3529 3 13
4757 3 13
1325 3 13
3174 3 13
4376 3 13
2390 3 13
4260 3 13
4263 3 13
901 3 13
4064 3 13
2522 3 13
4677 3 13
2296 3 13
4290 3 13
4971 3 13
3073 3 13
343 3 13
3482 3 13
4839 3 13
2662 3 13
4431 3 13
4999 3 13
2451 4 17
3053 4 17
3670 4 17
1249 4 17
66 4 17
794 4 17
1225 4 17
4393 4 17
255 4 17
1804 4 17
1690 4 17
1600 4 17
1997 4 17
1427 4 17
2079 4 17
4560 4 17
4887 4 17
1528 4 17
4129 4 17
1829 4 17
4582 4 17
1076 4 17
4009 4 17
4744 4 17
4595 4 17
3341 4 17
1122 4 17
4771 4 17
1128 4 17
2914 4 17
1240 4 17
1959 4 17
1369 4 17
2219 4 17
4058 4 17
4813 4 17
3044 4 17
538 4 17
4662 4 17
1028 4 17
4470 3 12
3497 2 8
3145 3 12
2822 2 8
810 1 4
211 1 4
2505 2 8
1775 1 4
2847 4 16
4497 1 4
1330 1 4
1333 4 16
3560 3 12
4514 3 12
4515 1 4
367 3 12
4521 1 4
2034 2 8
2523 4 16
2884 4 16
2036 1 4
712 4 16
625 1 4
4551 4 16
3209 3 12
558 3 12
2897 4 16
977 4 16
720 2 8
4578 1 4
4579 4 16
404 2 8
368 4 16
3614 3 12
231 2 8
1381 2 8
4594 1 4
3631 1 4
3235 1 4
4598 3 12
648 4 16
3241 4 16
4609 4 16
3250 3 12
4612 4 16
4616 3 12
3658 2 8
4628 2 8
3659 1 4
4108 2 8
2581 4 16
4648 2 8
4112 4 16
4113 3 12
3255 3 12
3257 3 12
2932 2 8
263 3 12
4144 3 12
1585 1 4
2594 1 4
2078 3 12
2308 1 4
4165 2 8
573 1 4
3690 4 16
2610 2 8
4705 1 4
4178 3 12
525 3 12
3694 3 12
1025 1 4
4202 3 12
1913 2 8
2979 4 16
2983 2 8
4211 4 16
241 1 4
2629 1 4
388 4 16
1219 1 4
3741 1 4
886 1 4
4758 4 16
3758 4 16
3765 1 4
887 3 12
437 4 16
2111 3 12
4796 3 12
3020 1 4
1442 3 12
3790 2 8
2377 2 8
4278 3 12
1447 2 8
3808 1 4
3355 4 16
757 1 4
764 3 12
2138 1 4
1057 1 4
4836 3 12
900 4 16
1683 3 12
580 2 8
3391 4 16
3394 1 4
3852 1 4
3052 4 16
769 4 16
4359 2 8
3861 2 8
495 2 8
683 3 12
3064 4 16
787 2 8
1702 3 12
4895 1 4
2724 2 8
2460 3 12
2167 2 8
3438 3 12
1111 4 16
2749 2 8
3446 1 4
3092 4 16
2759 3 12
2771 4 16
3925 2 8
788 4 16
4957 1 4
496 4 16
2786 4 16
792 2 8
1727 2 8
78 1 4
188 2 8
4449 2 8
452 3 12
3492 3 12
4996 1 4
804 3 12
1466 4 15
1748 4 15
585 4 15
1158 4 15
1099 4 15
1110 4 15
3666 4 15
798 4 15
3558 4 15
695 4 15
3244 4 15
1313 4 15
4740 4 15
264 4 15
1578 4 15
2178 4 15
3840 4 15
4216 4 15
850 4 15
4220 4 15
172 4 15
703 4 15
819 4 15
191 4 15
3476 4 15
3478 4 15
9 4 15
1353 4 15
1263 4 15
1965 4 15
4964 4 15
254 4 15
4267 4 15
2235 4 15
4981 4 15
879 4 15
4023 4 15
4564 4 15
4830 4 15
3756 4 15
1149 4 15
2743 3 11
2665 3 11
1545 3 11
4815 3 11
3126 3 11
3761 3 11
1911 3 11
1517 3 11
4250 3 11
826 3 11
3600 3 11
2056 3 11
1244 3 11
1384 3 11
129 3 11
2557 3 11
4846 3 11
2190 3 11
4185 3 11
2244 3 11
1096 3 11
2381 3 11
3550 3 11
3556 3 11
3318 3 11
843 3 11
981 3 11
2005 3 11
2720 5 18
1063 5 18
4858 5 18
1734 5 18
2223 5 18
3776 5 18
727 5 18
3207 5 18
2973 5 18
1115 5 18
2746 5 18
4832 5 18
918 5 18
4720 5 18
1587 5 18
812 5 18
4513 5 18
1233 5 18
4998 5 18
1469 5 18
2592 2 7
161 4 14
4189 2 7
3095 2 7
865 4 14
4199 4 14
3606 2 7
3433 2 7
2763 4 14
4827 4 14
1580 2 7
2288 2 7
663 2 7
3115 4 14
700 2 7
3627 4 14
1155 2 7
1103 4 14
1860 4 14
1863 4 14
220 2 7
1977 2 7
407 4 14
1723 4 14
234 2 7
2829 4 14
1463 4 14
1909 4 14
274 2 7
1300 2 7
2008 4 14
39 4 14
4893 4 14
4704 4 14
849 4 14
2341 2 7
1643 4 14
2688 4 14
4914 2 7
2370 2 7
2233 2 7
3522 4 14
4934 2 7
3048 4 14
3908 2 7
1309 2 7
741 4 14
3924 4 14
3364 4 14
2117 4 14
2127 2 7
1658 2 7
4360 4 14
1123 4 14
279 4 14
855 2 7
2414 4 14
1675 4 14
4170 4 14
472 4 14
1499 4 14
3774 2 7
4590 2 7
85 5 17
457 5 17
4438 5 17
4443 5 17
1262 5 17
4898 5 17
4115 5 17
3211 5 17
3521 5 17
2463 5 17
3358 5 17
818 5 17
4240 5 17
2838 5 17
3547 5 17
1188 5 17
759 5 17
2324 5 17
1719 5 17
4388 5 17
250 5 17
3961 5 17
861 5 17
2944 5 17
1623 5 17
862 5 17
490 5 17
4413 5 17
2798 5 17
1955 5 17
1141 5 17
2446 5 17
3432 5 17
314 5 17
3684 5 17
76 3 10
3182 3 10
3881 3 10
1150 3 10
912 3 10
970 3 10
974 3 10
3805 3 10
1569 3 10
2283 3 10
3272 3 10
1087 3 10
1030 3 10
4483 3 10
1627 3 10
3837 3 10
4384 3 10
2835 3 10
1530 3 10
1685 3 10
397 3 10
627 3 10
1847 3 10
1237 3 10
4183 3 10
3473 3 10
2695 3 10
3664 3 10
3314 3 10
2027 3 10
3321 3 10
4878 3 10
2186 3 10
4207 3 10
1641 3 10
4195 4 13
2256 4 13
2299 4 13
1729 4 13
1044 4 13
2762 4 13
2007 4 13
4761 4 13
1771 4 13
4163 4 13
4289 4 13
4953 4 13
4522 4 13
4379 4 13
822 4 13
3324 4 13
4962 4 13
3165 4 13
1657 4 13
4613 4 13
1839 4 13
2046 4 13
3771 4 13
1542 4 13
1843 4 13
686 4 13
364 4 13
4418 4 13
3186 4 13
1113 5 16
3853 5 16
1703 5 16
3163 5 16
1157 5 16
882 5 16
3795 5 16
2641 5 16
1397 5 16
1497 5 16
1135 5 16
4546 5 16
4550 5 16
4463 5 16
1362 5 16
3183 5 16
1845 5 16
1012 5 16
2611 5 16
2938 5 16
1439 5 16
1411 5 16
2166 5 16
4782 5 16
3034 5 16
4323 5 16
4587 5 16
4090 5 16
4421 5 16
4995 5 16
4246 5 16
1917 5 16
616 5 16
237 1 3
1943 2 6
4440 6 18
4442 5 15
351 2 6
2600 1 3
1053 5 15
1054 6 18
4456 2 6
2230 2 6
546 5 15
3932 6 18
4468 3 9
803 4 12
711 1 3
1665 6 18
4476 2 6
3945 4 12
806 5 15
1073 3 9
908 5 15
4486 4 12
3957 5 15
553 4 12
1239 3 9
3963 6 18
811 4 12
3061 5 15
1464 2 6
2261 3 9
626 6 18
3991 6 18
2265 5 15
1689 5 15
814 2 6
501 4 12
2000 5 15
2683 2 6
3504 2 6
1693 4 12
924 6 18
4545 6 18
70 5 15
1104 1 3
2013 2 6
3111 6 18
4041 2 6
1106 3 9
3523 4 12
4561 5 15
4046 1 3
4050 3 9
4574 2 6
1705 5 15
1490 5 15
1260 5 15
724 2 6
1712 4 12
726 5 15
3133 2 6
1721 2 6
2314 6 18
74 3 9
2725 6 18
2033 1 3
2732 4 12
2733 4 12
1114 1 3
1725 2 6
943 3 9
564 1 3
4103 1 3
1284 4 12
4622 6 18
1504 4 12
511 2 6
4634 5 15
1510 5 15
2765 3 9
2055 6 18
4117 2 6
293 2 6
4126 6 18
2360 3 9
296 3 9
2790 6 18
4143 5 15
4668 2 6
1761 5 15
3634 5 15
3636 4 12
1766 6 18
2797 2 6
1296 2 6
571 4 12
4686 2 6
3657 6 18
4695 1 3
2383 6 18
2805 5 15
2074 5 15
4708 2 6
4709 2 6
2814 3 9
3662 2 6
1524 2 6
142 1 3
4188 3 9
177 5 15
4722 2 6
2392 5 15
3233 5 15
966 4 12
409 5 15
1316 3 9
1534 6 18
3247 5 15
479 5 15
4743 1 3
3687 2 6
4751 1 3
526 4 12
3253 5 15
3692 5 15
2435 4 12
2440 1 3
3258 1 3
4778 6 18
3697 3 9
752 5 15
4229 6 18
3712 5 15
4234 1 3
3717 5 15
1834 4 12
4247 2 6
671 6 18
1837 3 9
413 1 3
1551 3 9
2116 2 6
23 4 12
3288 2 6
2123 1 3
1560 5 15
2902 5 15
1562 1 3
376 4 12
1854 1 3
4288 6 18
3310 4 12
2915 1 3
1347 2 6
684 1 3
168 6 18
4306 3 9
4849 1 3
773 4 12
4310 2 6
2926 5 15
4866 4 12
1159 6 18
4875 4 12
1161 6 18
1371 2 6
382 5 15
3806 2 6
1014 6 18
4331 2 6
3812 6 18
4342 2 6
781 3 9
2939 4 12
4896 1 3
3344 5 15
2164 1 3
2947 2 6
2948 2 6
2165 4 12
1021 3 9
874 4 12
783 5 15
603 6 18
3848 3 9
1609 4 12
4945 5 15
611 2 6
4947 6 18
1620 3 9
696 2 6
4394 1 3
3379 6 18
3859 5 15
4402 6 18
3384 5 15
615 5 15
2192 3 9
2559 2 6
2576 3 9
1417 1 3
3005 1 3
3412 3 9
3009 2 6
4426 1 3
3884 1 3
2206 1 3
3419 2 6
387 2 6
10 1 3
56 6 17
446 6 17
539 6 17
2082 6 17
510 6 17
884 6 17
797 6 17
218 6 17
3055 6 17
232 6 17
4383 6 17
1477 6 17
4940 6 17
393 6 17
152 6 17
3281 6 17
1147 6 17
4396 6 17
613 6 17
2566 6 17
3518 6 17
3078 6 17
4313 6 17
4669 6 17
4484 6 17
150 6 17
3793 6 17
1776 6 17
3366 6 17
1392 6 17
2119 6 17
4499 6 17
2803 6 17
3646 6 17
2436 6 17
559 6 17
755 6 17
4022 5 14
2364 5 14
3489 5 14
3648 5 14
808 5 14
1764 5 14
4731 5 14
160 5 14
2831 5 14
4737 5 14
2578 5 14
4102 5 14
2039 5 14
4688 5 14
4969 5 14
3612 5 14
485 5 14
2427 5 14
4355 5 14
1452 5 14
469 5 14
2019 5 14
1338 5 14
2437 5 14
4237 5 14
3842 5 14
3266 5 14
3622 4 11
3731 4 11
4222 4 11
588 4 11
3370 4 11
3025 4 11
178 4 11
3751 4 11
302 4 11
2179 4 11
516 4 11
815 4 11
2518 4 11
2694 4 11
1651 4 11
2443 4 11
4327 4 11
1607 4 11
3405 4 11
3152 4 11
2945 4 11
2445 4 11
2853 4 11
4988 4 11
4348 4 11
1732 4 11
4611 4 11
1555 4 11
2620 4 11
4760 4 11
386 3 8
4759 6 16
4175 3 8
877 3 8
2368 6 16
4554 6 16
1199 6 16
3502 3 8
1777 6 16
1853 3 8
629 6 16
321 6 16
1206 3 8
2187 3 8
82 3 8
1870 6 16
36 6 16
4931 3 8
441 6 16
4303 6 16
2478 3 8
2196 6 16
4487 3 8
2911 3 8
3828 6 16
3458 3 8
1380 6 16
717 3 8
4419 3 8
4131 6 16
2658 6 16
1886 3 8
3376 6 16
4844 6 16
4970 6 16
3231 3 8
1108 3 8
4332 3 8
4433 6 16
1385 3 8
1684 3 8
2286 3 8
3316 6 16
4540 6 16
84 3 8
4654 3 8
782 6 16
2597 6 16
2263 5 13
878 5 13
1454 5 13
1638 5 13
3824 5 13
2057 5 13
3893 5 13
809 5 13
4665 5 13
107 5 13
3671 5 13
2284 5 13
2997 5 13
1488 5 13
654 5 13
2874 5 13
1824 5 13
1092 5 13
2666 5 13
3938 5 13
3548 5 13
487 5 13
4292 5 13
1617 5 13
4702 5 13
2682 5 13
181 5 13
4458 5 13
824 5 13
4889 5 13
950 5 13
3425 5 13
2216 5 13
190 5 13
2220 5 13
3042 5 13
3978 5 13
4877 7 18
1374 7 18
1387 7 18
3747 7 18
4882 7 18
3206 7 18
4954 7 18
4885 7 18
4597 7 18
13 7 18
2876 7 18
4833 7 18
3383 7 18
3148 7 18
3511 7 18
3273 7 18
2226 7 18
531 7 18
2574 7 18
3992 7 18
3218 7 18
3488 7 18
2231 7 18
4271 7 18
2491 7 18
1001 7 18
4116 7 18
503 7 18
807 2 5
1787 4 10
2242 4 10
2169 6 15
2326 2 5
4674 6 15
789 4 10
722 6 15
1168 4 10
4524 4 10
2107 2 5
548 6 15
1907 6 15
602 2 5
885 2 5
3959 4 10
4696 4 10
373 6 15
1980 6 15
2275 2 5
3964 2 5
3966 2 5
915 6 15
3834 4 10
3835 4 10
4713 6 15
3062 4 10
1544 6 15
348 4 10
4568 2 5
3068 4 10
2952 6 15
2960 2 5
354 6 15
2609 2 5
2212 6 15
3087 4 10
399 2 5
4911 2 5
1027 4 10
1254 4 10
2507 6 15
4592 6 15
1927 2 5
4929 2 5
4747 2 5
4749 2 5
1075 4 10
872 2 5
1389 2 5
3739 6 15
4186 4 10
2887 2 5
1080 2 5
358 2 5
4768 2 5
3484 6 15
4193 4 10
4337 6 15
4614 4 10
4615 2 5
2524 2 5
4052 2 5
4799 2 5
4344 2 5
2305 6 15
3122 2 5
4204 6 15
3015 4 10
4488 4 10
1337 6 15
675 4 10
3128 4 10
2433 2 5
1773 4 10
38 4 10
1276 2 5
366 7 17
2394 7 17
3527 7 17
1919 7 17
448 7 17
4569 7 17
1750 7 17
280 7 17
2912 7 17
4356 7 17
57 7 17
1625 7 17
3098 7 17
3451 7 17
4968 7 17
319 7 17
1768 7 17
2922 7 17
3402 7 17
2571 7 17
3591 7 17
4664 7 17
739 7 17
2385 7 17
784 7 17
1663 7 17
4493 7 17
4672 7 17
1022 7 17
1202 7 17
411 5 12
3551 5 12
2656 5 12
3443 5 12
1533 5 12
3282 5 12
2999 5 12
2692 5 12
3142 5 12
1186 5 12
305 5 12
4770 5 12
3007 5 12
4772 5 12
1067 5 12
2955 5 12
2095 5 12
1813 5 12
1476 5 12
4730 5 12
1844 5 12
2801 5 12
2755 5 12
3528 5 12
1172 5 12
51 5 12
484 5 12
2986 5 12
2928 3 7
2434 6 14
2742 6 14
3971 6 14
582 3 7
1982 3 7
3850 6 14
3983 6 14
2846 3 7
2294 3 7
3630 6 14
2671 6 14
1929 3 7
2513 6 14
2866 6 14
1632 3 7
4155 6 14
1636 3 7
4411 3 7
4763 6 14
2089 6 14
4661 6 14
4533 6 14
1597 6 14
3763 6 14
2307 3 7
372 6 14
667 3 7
3531 3 7
4925 6 14
1431 3 7
3543 3 7
568 6 14
1029 6 14
4938 6 14
3898 3 7
2470 3 7
3058 3 7
4812 3 7
758 6 14
1495 3 7
1138 6 14
1440 6 14
3922 3 7
2987 3 7
4958 6 14
2990 6 14
1735 3 7
1791 3 7
4334 6 14
2715 6 14
1796 6 14
3480 6 14
4835 3 7
3823 6 14
4837 6 14
342 6 14
1626 6 14
2823 6 14
3006 3 7
2575 6 14
2729 3 7
3960 3 7
21 3 7
3704 3 7
215 6 14
1831 7 16
4006 7 16
4926 7 16
1133 7 16
4012 7 16
4182 7 16
3813 7 16
203 7 16
1059 7 16
1930 7 16
4258 7 16
271 7 16
2890 7 16
1895 7 16
3639 7 16
4492 7 16
247 7 16
3644 7 16
4802 7 16
543 7 16
572 7 16
1755 7 16
2616 7 16
416 7 16
471 7 16
1167 7 16
93 7 16
3788 7 16
1207 7 16
3104 7 16
2425 7 16
3926 7 16
4451 7 16
3540 7 16
4679 7 16
969 7 16
4085 7 16
746 7 16
1248 7 16
1882 4 9
3232 4 9
4872 4 9
1212 4 9
2735 4 9
92 4 9
3455 8 18
3807 4 9
2861 8 18
1036 4 9
242 4 9
1956 8 18
725 4 9
1345 4 9
3583 4 9
2561 4 9
3587 8 18
4637 4 9
3958 8 18
1786 4 9
4645 4 9
3830 4 9
27 4 9
2573 4 9
2667 8 18
1189 4 9
4775 4 9
3063 4 9
825 8 18
3700 8 18
2481 4 9
3976 8 18
1792 8 18
465 8 18
2311 4 9
2199 8 18
2403 4 9
3393 8 18
3619 4 9
2258 4 9
2416 4 9
467 4 9
1151 8 18
1414 8 18
2323 4 9
3632 8 18
3406 8 18
3872 8 18
3407 4 9
1862 8 18
2812 4 9
1572 4 9
4314 4 9
2218 8 18
1005 8 18
1372 8 18
37 8 18
4979 4 9
2278 4 9
2528 4 9
2279 4 9
3900 4 9
607 4 9
4054 8 18
3787 8 18
1211 8 18
2049 4 9
4475 8 18
2556 5 11
570 5 11
4779 5 11
1446 5 11
2176 5 11
30 5 11
4110 5 11
4868 5 11
926 5 11
450 5 11
1616 5 11
3708 5 11
643 5 11
2525 5 11
2282 5 11
1859 5 11
2063 5 11
4268 5 11
3538 5 11
4274 5 11
2996 5 11
4684 5 11
4138 5 11
2396 5 11
4754 5 11
1900 5 11
4973 5 11
1946 5 11
4899 5 11
2737 5 11
3050 5 11
3156 5 11
147 5 11
1131 5 11
3505 5 11
2863 5 11
2376 5 11
555 5 11
3580 5 11
4933 6 13
2329 6 13
939 6 13
4352 6 13
4939 6 13
3141 6 13
3911 6 13
2415 6 13
932 6 13
1925 6 13
2757 6 13
1664 6 13
2760 6 13
2560 6 13
3711 6 13
3434 6 13
4632 6 13
4565 6 13
2253 6 13
2426 6 13
1958 6 13
3396 6 13
2652 6 13
4254 6 13
2045 6 13
4004 6 13
4201 6 13
4142 6 13
1677 6 13
4916 6 13
374 6 13
2151 6 13
3797 6 13
4469 6 13
2173 6 13
4927 6 13
3803 6 13
313 6 13
3905 7 15
2870 7 15
860 7 15
2585 7 15
473 7 15
1757 7 15
4366 7 15
3918 7 15
71 7 15
339 7 15
77 7 15
3325 7 15
1552 7 15
972 7 15
4783 7 15
1809 7 15
3380 7 15
4794 7 15
3939 7 15
2487 7 15
3784 7 15
4978 7 15
3785 7 15
638 7 15
3386 7 15
3839 7 15
1505 7 15
1020 7 15
1467 7 15
996 7 15
2498 7 15
1714 7 15
1400 7 15
4364 8 17
4114 8 17
4791 8 17
69 8 17
3789 8 17
4284 8 17
2252 8 17
330 8 17
3347 8 17
3069 8 17
951 8 17
1039 8 17
7 8 17
921 8 17
1376 8 17
1594 8 17
43 8 17
1850 8 17
4265 8 17
934 8 17
2745 8 17
1252 8 17
4074 8 17
513 4 8
3615 4 8
281 2 4
283 8 16
2070 8 16
1079 5 10
1191 4 8
3629 9 18
4528 9 18
2901 6 12
3249 2 4
4057 6 12
2572 3 6
1 8 16
4061 3 6
4062 1 2
2907 4 8
2075 8 16
2291 3 6
1864 7 14
968 6 12
3647 5 10
4556 9 18
4073 2 4
1356 5 10
4077 7 14
635 5 10
1678 6 12
6 8 16
3267 4 8
2586 7 14
1514 6 12
3274 2 4
2 9 18
3277 1 2
1888 1 2
3665 9 18
3280 9 18
1893 8 16
2310 1 2
2599 3 6
519 5 10
3673 9 18
975 1 2
3676 3 6
1902 8 16
976 6 12
2942 6 12
4118 2 4
2104 7 14
644 4 8
4128 9 18
3305 5 10
3308 7 14
292 4 8
4132 1 2
1527 2 4
2618 2 4
4620 2 4
476 3 6
3315 2 4
1218 9 18
4629 8 16
650 6 12
3319 8 16
1532 7 14
2961 1 2
4158 8 16
325 6 12
2121 7 14
4647 4 8
2972 9 18
4652 1 2
4166 6 12
438 5 10
4169 7 14
2635 1 2
3725 9 18
4173 6 12
1227 8 16
3336 2 4
1536 5 10
2343 8 16
1924 4 8
3738 8 16
2650 3 6
2356 4 8
3743 9 18
990 8 16
578 7 14
1394 1 2
1232 4 8
439 6 12
3759 9 18
1548 1 2
3361 9 18
357 1 2
998 1 2
4693 8 16
1554 5 10
659 8 16
2159 9 18
2681 5 10
3375 5 10
1410 7 14
742 5 10
64 9 18
269 2 4
1948 2 4
3022 7 14
1953 7 14
3388 4 8
2689 6 12
4718 1 2
4232 2 4
3794 1 2
179 2 4
2398 2 4
4245 9 18
2400 7 14
201 9 18
4248 6 12
2402 6 12
4734 7 14
597 5 10
2701 7 14
2408 8 16
3404 5 10
334 3 6
1753 2 4
4259 5 10
2706 1 2
828 4 8
2417 8 16
3822 6 12
108 1 2
2717 6 12
1026 7 14
3424 1 2
2721 2 4
2722 6 12
917 6 12
4282 3 6
3060 3 6
1259 7 14
453 3 6
109 7 14
2730 5 10
605 7 14
1444 3 6
1596 4 8
3071 5 10
2197 8 16
3448 4 8
1268 5 10
4788 5 10
2204 8 16
1983 2 4
3079 1 2
4797 3 6
2207 9 18
925 4 8
371 9 18
1991 8 16
3864 1 2
3866 1 2
2752 6 12
1993 2 4
2457 2 4
1778 2 4
4817 8 16
3474 2 4
3877 9 18
458 4 8
4822 7 14
4341 6 12
1998 7 14
1153 3 6
3882 3 6
3481 6 12
4350 3 6
547 2 4
3887 7 14
2767 2 4
2768 1 2
1789 2 4
3897 3 6
1611 8 16
614 7 14
2228 3 6
2788 6 12
2229 3 6
2010 7 14
3907 9 18
2482 1 2
3132 4 8
4860 3 6
4861 1 2
1613 1 2
2485 4 8
1614 3 6
1803 1 2
4873 6 12
2490 6 12
1040 2 4
1287 1 2
3928 5 10
4397 9 18
2806 9 18
1807 4 8
3933 6 12
3934 8 16
459 9 18
2241 1 2
3155 8 16
3940 8 16
1812 5 10
4894 6 12
3943 2 4
130 8 16
853 3 6
3946 6 12
3162 2 4
4903 4 8
3535 7 14
3953 9 18
3955 7 14
2246 6 12
2826 5 10
937 8 16
2250 1 2
464 7 14
2832 5 10
4439 6 12
3549 1 2
1473 2 4
1629 8 16
3554 1 2
4448 8 16
2255 7 14
3557 8 16
132 3 6
2845 4 8
3977 6 12
4944 3 6
508 1 2
3979 8 16
705 3 6
4467 5 10
3195 2 4
2527 7 14
509 7 14
3581 2 4
1319 9 18
708 7 14
3994 5 10
1328 3 6
2536 9 18
4481 4 8
2269 1 2
2271 6 12
1066 2 4
3217 1 2
466 9 18
1647 5 10
4011 5 10
4491 1 2
2552 6 12
4013 1 2
4983 5 10
4015 6 12
1174 2 4
316 3 6
1072 9 18
3230 3 6
4032 7 14
4504 9 18
4505 8 16
2888 3 6
3555 9 17
2550 9 17
3915 9 17
942 9 17
3920 9 17
2452 9 17
1224 9 17
1506 9 17
1793 9 17
4455 9 17
2431 9 17
493 9 17
4408 9 17
3409 9 17
1317 9 17
4025 9 17
1198 9 17
4294 9 17
3706 9 17
2017 9 17
3496 9 17
3065 9 17
1906 9 17
1739 9 17
1645 9 17
55 9 17
2815 9 17
2817 9 17
3783 9 17
4107 9 17
1951 9 17
62 9 17
4773 9 17
3707 8 15
2675 8 15
4078 8 15
4585 8 15
2848 8 15
551 8 15
3501 8 15
1646 8 15
3381 8 15
301 8 15
1682 8 15
3729 8 15
480 8 15
2358 8 15
4928 8 15
3733 8 15
4059 8 15
29 8 15
3628 8 15
4472 8 15
785 8 15
4890 8 15
3514 8 15
2900 8 15
2494 8 15
67 8 15
2191 8 15
2881 8 15
2081 8 15
2648 7 13
1340 7 13
837 7 13
1558 7 13
4104 7 13
88 7 13
4335 7 13
1822 7 13
2201 7 13
444 7 13
958 7 13
1335 7 13
3578 7 13
2569 7 13
3762 7 13
880 7 13
3802 7 13
3721 7 13
1445 7 13
1139 7 13
1196 7 13
4048 7 13
2734 7 13
4902 7 13
3197 7 13
1246 7 13
1451 7 13
4608 6 11
4301 6 11
1441 6 11
221 6 11
4365 6 11
4305 6 11
3815 6 11
771 6 11
223 6 11
945 6 11
1833 6 11
105 6 11
4756 6 11
4691 6 11
3826 6 11
522 6 11
1024 6 11
3077 6 11
1903 6 11
2976 6 11
2362 6 11
4640 6 11
2875 6 11
3981 6 11
1052 6 11
3180 6 11
3988 6 11
3089 6 11
4519 6 11
2878 6 11
1160 6 11
1069 6 11
3801 6 11
2708 6 11
1559 6 11
3236 6 11
660 6 11
3239 6 11
3568 6 11
3332 6 11
1144 5 9
3679 5 9
1912 5 9
3469 5 9
2369 5 9
378 5 9
1494 5 9
2570 5 9
1455 5 9
419 5 9
4583 5 9
2646 5 9
2337 5 9
985 5 9
3620 5 9
3755 5 9
3199 5 9
2268 5 9
1256 5 9
2270 5 9
2213 5 9
2726 5 9
3287 5 9
2660 5 9
10162
34580