72 1 9
178 1 9
280 1 9
405 1 9
432 1 9
444 1 9
588 1 9
664 1 9
680 1 9
748 1 9
779 1 9
784 1 9
794 1 9
843 1 9
463 1 8
503 1 8
530 1 8
61 1 8
645 1 8
71 1 8
675 1 8
302 1 8
719 1 8
724 1 8
42 1 8
749 1 8
754 1 8
756 1 8
128 1 8
439 1 8
146 1 8
826 1 8
453 1 8
907 1 8
919 1 8
293 1 7
624 1 7
628 1 7
848 1 7
199 1 7
573 1 7
942 1 7
977 1 7
987 1 7
31 1 6
70 1 6
637 1 6
175 1 6
652 1 6
328 1 6
520 1 6
93 1 6
698 1 6
709 1 6
548 1 6
97 1 6
740 1 6
236 1 6
270 1 5
2 1 5
598 1 5
504 1 5
100 1 5
704 1 5
925 1 5
211 1 5
947 1 5
954 1 5
109 1 5
787 1 5
101 2 9
426 2 9
222 2 9
140 2 9
6 2 9
539 2 9
543 2 9
963 2 9
371 2 9
568 2 9
997 2 9
807 1 4
717 1 4
249 2 8
213 1 4
874 1 4
493 2 8
558 1 4
923 1 4
501 1 4
933 2 8
937 2 8
215 1 4
55 1 4
950 1 4
951 1 4
761 1 4
224 2 8
973 2 8
599 1 4
73 1 4
710 2 8
52 2 7
649 2 7
596 2 7
36 2 7
19 2 7
607 2 7
608 2 7
292 2 7
118 2 7
634 2 7
477 2 7
0 2 6
589 2 6
755 1 3
287 3 9
445 3 9
94 2 6
460 3 9
29 2 6
611 2 6
800 2 6
804 1 3
471 1 3
810 1 3
47 3 9
490 3 9
313 2 6
147 1 3
878 2 6
882 1 3
330 2 6
340 1 3
517 3 9
160 3 9
527 1 3
694 3 9
389 3 9
166 2 6
705 3 9
412 2 6
17 1 3
552 1 3
429 3 9
32 1 3
985 3 9
433 1 3
586 1 3
592 3 8
518 3 8
358 3 8
640 3 8
363 3 8
265 3 8
87 3 8
276 3 8
721 3 8
665 3 8
616 3 8
993 3 8
185 3 8
750 2 5
792 2 5
191 2 5
883 2 5
677 2 5
742 2 5
759 2 5
746 2 5
533 2 5
516 2 5
785 2 5
702 3 7
939 3 7
111 3 7
354 3 7
867 3 7
409 3 7
137 3 7
790 3 7
716 3 7
752 3 7
495 3 7
360 3 7
214 3 7
301 3 7
365 4 9
802 4 9
368 4 9
653 4 9
85 4 9
271 4 9
399 4 9
323 4 9
35 4 9
961 4 9
728 4 9
966 4 9
731 4 9
230 4 9
594 4 9
421 4 9
747 4 9
511 4 9
766 1 2
771 2 4
772 3 6
775 4 8
643 1 2
139 3 6
297 3 6
532 1 2
226 3 6
535 2 4
538 3 6
799 3 6
669 4 8
183 2 4
542 3 6
231 3 6
76 3 6
821 4 8
825 2 4
141 4 8
329 3 6
256 4 8
334 3 6
707 3 6
580 1 2
880 2 4
583 1 2
713 3 6
887 2 4
336 3 6
259 4 8
263 2 4
33 4 8
593 4 8
200 3 6
938 4 8
481 2 4
597 2 4
64 3 6
745 3 6
149 3 6
366 1 2
122 1 2
369 2 4
285 4 8
970 2 4
50 3 6
625 2 4
288 3 6
103 2 4
406 4 8
407 4 8
689 5 9
247 5 9
440 5 9
764 5 9
603 5 9
339 5 9
989 5 9
244 5 9
246 5 9
782 4 7
210 4 7
678 4 7
956 4 7
217 4 7
502 4 7
196 4 7
659 4 7
858 4 7
485 4 7
978 4 7
488 4 7
877 4 7
151 4 7
946 4 7
126 4 7
834 3 5
499 3 5
99 3 5
107 3 5
219 3 5
619 3 5
564 3 5
125 3 5
982 3 5
156 3 5
816 3 5
48 3 5
361 3 5
43 3 5
68 5 8
180 5 8
722 5 8
981 5 8
120 5 8
38 5 8
585 5 8
136 5 8
896 5 8
632 5 8
9 2 3
98 4 6
266 6 9
362 4 6
781 6 9
51 2 3
579 6 9
315 4 6
322 2 3
505 6 9
367 2 3
936 6 9
241 4 6
243 4 6
192 4 6
801 4 6
455 2 3
377 2 3
384 6 9
531 2 3
812 6 9
814 2 3
957 2 3
194 6 9
472 4 6
683 2 3
57 6 9
117 6 9
290 4 6
846 4 6
541 2 3
852 2 3
133 4 6
862 4 6
95 2 3
491 4 6
767 2 3
895 5 7
845 5 7
431 5 7
641 5 7
123 5 7
964 5 7
327 5 7
59 5 7
352 5 7
466 6 8
469 3 4
172 6 8
930
2339